0.0002 0
3.999945177438313 -2.1896272681216764e-11 0.3537633678636932 4.731770530952417e-13 
3.9999812185772075 -1.2699264947347477e-11 0.925191810384503 2.3649346997853973e-13 
3.999945260426534 -2.135474630452806e-11 0.35376374226828217 -1.915134717478395e-14 
3.9999820059658546 -1.269899562958069e-11 0.9251859150615394 -2.1044282990882502e-12 
3.999979553815436 -2.0971071588699334e-11 0.9251883628966866 1.0687891399437826e-11 
3.999945260426534 -2.135474630452806e-11 0.35376374226828217 -1.915134717478395e-14 
3.9999830331473305 -7.803791875246014e-12 0.9251888029542502 -1.3702317232665605e-12 
3.999945177438313 -2.1896272681216764e-11 0.3537633678636932 4.731770530952417e-13 
3.9998013789074465 -5.0080415166469955e-12 0.441301651964085 -1.1540768340978502e-12 
3.999823302226271 -3.657221687518583e-11 0.9761531512860487 6.18871620616801e-12 
3.9998013789074465 -5.0080415166469955e-12 0.441301651964085 -1.1540768340978502e-12 
3.9998233022262695 -3.6572368335794926e-11 0.9761518811647913 -9.481304630298837e-14 
3.9997785874057374 -5.537820598969983e-12 0.2624145551227942 -4.850200102657354e-14 
3.9998359854358103 -4.322945974888163e-11 0.3369590208310128 2.601217852227222e-13 
3.9997785874057343 -5.944958550106251e-12 0.2624152660788732 2.009911334588388e-13 
3.9998359854358094 -7.564533599012398e-11 0.3369263841265071 -3.2902777724608256e-12 
3.999813020582935 -1.8478242689750887e-11 0.6714689796897799 7.916489471417405e-12 
3.9998130590016516 -8.07156413428785e-12 0.6714709729869974 7.857873221441093e-12 
3.9998133617100438 -5.728233409897806e-12 0.6714715469125965 -5.87712602523421e-12 
3.999813122928707 -5.343215120436478e-12 0.6714710812312515 -1.6145453329824626e-13 
3.9836866854977435 -1.0652773878481396e-11 0.4272535294367227 -5.111682147210597e-14 
3.990567713488571 -3.606648280231383e-11 0.6936354920058485 4.489184324521244e-12 
3.985050173802371 -1.5179316563391846e-12 0.4321554547791531 7.950907574813399e-13 
3.9870285653715856 -2.755786964969935e-13 0.675127770332173 3.9895553697041134e-13 
3.9837123878200904 -1.1068836998742035e-11 0.9993391287797151 -1.013791605381665e-12 
3.990546554601318 -3.006279848726435e-12 0.3219970724009874 3.488542787977167e-12 
3.9850723184547494 -1.715450985667441e-11 0.9999653629027025 4.844675406071181e-12 
3.9869995849132276 -7.007517162936471e-12 0.318757396488742 2.027267242965536e-12 
3.984061599001836 -1.0416198765074311e-11 0.45882009328407314 -2.4780177909633494e-12 
3.9861166395472196 -8.683822035898665e-12 0.9854293067298893 3.990849317681011e-12 
3.986094117702711 -8.001709005762955e-12 0.4678894872778948 1.1658729537344925e-12 
3.984085836217263 -7.454170360756675e-12 0.9918444262370039 4.555508748005366e-12 
3.982985606599664 -1.8817367459415684e-11 0.29089517322778563 2.581268532253489e-14 
3.9834448925009776 -5.1881430378771886e-12 0.2561324982435172 7.350786646043161e-13 
3.9850395087231028 -1.0312125222288222e-11 0.25124765109311137 -5.224002925502374e-14 
3.9830396831809622 -2.6917298202819484e-11 0.5025460042338574 -2.0216578411336172e-11 
3.983672267530579 -1.0049959392204772e-11 0.9202070818837218 -4.2391522672438375e-13 
3.983017628006955 -1.9811023201405504e-12 0.9255044813583331 -1.5703731694302964e-12 
3.9830015211609813 -1.2587372427503326e-11 0.5215055186740613 -3.0819791163594346e-13 
3.983657815752852 -3.658590357397091e-12 0.5257623728797987 5.914713163690521e-13 
0.0005 0
4.989509654409506 -1.172692002448556e-11 6.885061430432718 -6.288303211476887e-13 
4.9590954229092965 -1.4427808052898866e-11 8.273441793162412 -9.240585763421946e-12 
4.990592786363999 -9.883172472494595e-12 6.885061434552573 -1.7053025658242404e-13 
4.966617799846177 -1.8892320208138902e-11 8.273440442451358 1.707640517738398e-12 
4.952084218185279 -1.2541567529769393e-11 8.27343966525897 9.011693708012651e-12 
4.995790173411256 -5.8529352285754114e-12 6.885061472297771 2.708944180085382e-13 
4.959412597038649 3.005651134461653e-13 8.27344123531341 -1.9608715106673595e-12 
4.997535886188367 -1.6307504612380426e-11 6.8850615383529075 -1.971756091734278e-13 
4.977856966922382 -1.9273299740481207e-12 7.656952450042843 -1.839034783509518e-12 
4.914350985721145 -2.902185916135218e-11 9.370108656246956 1.083937317476902e-11 
4.976245684662867 -7.23352163692916e-12 7.656951090608991 -6.755850205806064e-13 
4.912776747882272 -1.766276747560647e-11 9.3701066443599 1.0699203962802683e-12 
5.003928577251564 -6.069440138353145e-12 5.661548079260762 -9.50350909079134e-14 
5.003966619974506 -7.224332502208327e-11 4.018192530343942 6.73683331342545e-13 
5.003932450878772 -7.8514755009422e-12 5.661548066134865 -2.398081733190338e-14 
5.003907259964031 -2.7822501811942505e-11 4.0181929854374 -2.384759056894836e-13 
4.991592285971838 -1.1651238948550883e-12 8.996233256861514 -6.821210263296962e-13 
4.995553232011611 -1.7232082522192852e-13 8.99623261794487 5.311306949806749e-13 
5.0010425142757615 -8.12883604742396e-12 8.99623393597605 -2.248867758680717e-12 
4.999590778289826 -1.4000672571653106e-11 8.996232950023158 -4.135358722123783e-12 
4.973043117946434 -1.082337650286447e-11 7.485319483284403 1.0257595017771571e-13 
4.909552511564162 -5.173822593842325e-11 7.022161981415954 -3.237773411495031e-13 
4.975529195385855 -3.5684869687231295e-12 7.533149443687262 9.760484144791673e-14 
4.91357767967355 -2.661397842080943e-11 6.89648892665771 -1.6061084961236625e-12 
4.935351059426582 -1.1434221599720043e-11 9.281916980815948 6.289191389896587e-12 
4.976407732019329 -1.3573445153655524e-11 6.432756175806374 3.729461184320826e-12 
4.94353666440486 -1.9384316165153604e-11 9.328644591409677 1.0092371383052523e-11 
4.973038429282416 -2.0107071449106267e-12 6.396402686839127 -1.5543122344752192e-13 
4.957426633065732 -1.0340040705434138e-12 7.775219672804925 -3.771205570046732e-12 
4.896097028220659 -1.4382369841625095e-11 9.557588639402466 -9.208633855450898e-12 
4.960373014697438 -8.410758922418608e-12 7.854080148412077 2.842170943040401e-14 
4.892772244447728 -3.3379569551128526e-13 9.512433029736096 1.9699797348948778e-12 
4.978741899690361 -3.532243203636561e-12 6.031046173951436 3.907985046680551e-14 
4.9779243709228576 -1.1106864784532631e-11 3.321158074755691 1.4086509736443986e-12 
4.9866360357839765 -4.433933481101093e-12 5.298615365624993 9.370282327836321e-13 
4.978865794563695 -2.0046488226865918e-11 5.6360080436712385 -1.9881873924987303e-11 
4.973322471250367 -1.4818659354039214e-11 9.672920324791335 -2.0974047048498232e-13 
4.974479960746169 -1.1656233989797195e-11 9.672061718752303 -4.781745013113071e-13 
4.973226323345118 -6.368854344793078e-12 8.271116601821612 -1.7763568394002505e-15 
4.971642700800717 -6.669903455081955e-12 8.301400528593895 -6.838973831690964e-13 
0.0002 0
29.823628561483403 -6.684930438802964e-12 9.281081540884136 6.927791673660977e-14 
19.007265977661987 -8.457550339474507e-12 11.27125111737395 -9.920359622316598e-12 
30.31337993500317 -1.2935808529376176e-11 9.279635399369702 -2.7000623958883807e-13 
19.246512218243343 -1.0045679086039894e-11 11.271563939982244 5.035318931613181e-12 
22.23318017812131 2.5902620757672636e-12 11.206680070967355 1.2549609539929425e-11 
27.0784705608911 -1.2274050373186749e-11 9.166430978643252 9.041656312547275e-13 
22.966933948798747 -7.598372460955102e-12 11.201472401681531 2.570928442215721e-13 
27.347150593745774 -9.593272134546445e-12 9.162974652080871 -1.0302869668521453e-13 
24.889905888419136 -1.124755882239541e-11 10.472380687584852 4.378607882238033e-14 
19.16691677540254 -1.660812899409179e-11 12.92135487042233 7.204205021800513e-12 
24.91867801287343 -2.66031655700199e-11 10.477730960232877 -1.1176590051290916e-12 
19.04118884644496 -2.9806375650372495e-11 12.918397773675904 -2.2143913513283493e-12 
28.11816414600198 -5.27318714441861e-12 7.498803816422244 -8.260059303211165e-14 
17.19301096796736 -4.365311671730468e-11 5.227861109888536 -2.1325163857000007e-12 
25.18941616286266 -5.8657834953609075e-12 7.562027291607387 3.019806626980426e-14 
19.74268915445403 -8.645883917439025e-11 5.210615521909227 -4.289901767151605e-13 
28.017392503487308 -8.88089309611688e-12 12.512792604344131 -4.1033842990145786e-12 
28.21326949488905 -2.2313018296672678e-11 12.512610117023492 2.708944180085382e-12 
32.31864521396452 -7.861628006014597e-12 12.335212706524844 -6.998845947236987e-12 
31.943308559684958 -5.65774591156813e-12 12.340259216555527 -3.5864644587491057e-12 
29.212768363283736 -8.960695544002133e-12 9.975167314860533 -1.9283245289915644e-14 
19.50299980188576 -2.917328078988924e-11 9.217371090615975 5.794078558991549e-12 
29.548850269153235 -1.1256717183322596e-11 10.02487908751566 2.8609054594679936e-13 
19.997949608344225 2.072953746346981e-12 9.033802866436385 -3.6048846059791257e-12 
20.074834475985156 -5.573056529938569e-12 12.681427141405198 -7.673861546209082e-13 
27.747769722818525 -4.4859613692195395e-12 8.547083065901003 5.950795411990839e-13 
20.51241045661387 2.0180527300844444e-12 12.759496563288618 6.235012506294879e-12 
28.28862277479644 -7.465321881830377e-12 8.488243970589966 3.2152058793144533e-13 
25.51821720910797 -6.628655731215183e-12 10.536603875843044 -1.3820056210533949e-12 
18.777847083968915 -1.747512532963058e-12 13.065893839533729 -2.715161429023283e-12 
25.80301413991734 -4.62264795792992e-12 10.63093842490362 -7.567280135845067e-13 
18.828149473509608 -4.93269363206913e-12 12.99058683907359 8.730793865652231e-13 
26.52876806626926 -3.0821110129560777e-12 7.998828585352642 -5.5067062021407764e-14 
17.674802573758665 -1.1479032733886355e-11 4.434138159194865 2.886579864025407e-12 
26.52733010793676 -7.799112947748729e-13 7.009824023972867 1.1266470166059228e-12 
17.676252228826836 -4.2346475462910325e-11 7.43212009073421 -7.987388528363226e-12 
30.516774928203795 -7.389464662313786e-12 13.087152863869079 -1.952766079069751e-12 
30.811888587918283 -4.303154546691917e-12 13.077173323122532 7.674765652643142e-13 
30.60810682594251 -6.000988185456206e-12 11.411965486115124 1.8953727476400672e-12 
30.207749747978177 -1.0041239708799748e-11 11.450438193123812 5.31841237716435e-12 
0.0002 0
37.78148009094525 -1.7271398081330742e-11 46.91088083098801 -9.947598300641403e-14 
23.504399516191246 -1.4908453118265497e-11 43.04096085333002 -1.0971489776586783e-11 
38.44480574596037 -1.1054457256950722e-11 46.94465296140764 1.2931877790833823e-12 
23.887348984368167 -3.380907530802595e-11 42.51230761449543 4.687895111109028e-12 
27.43870183070471 9.36338631310375e-12 45.191745830414774 1.2817790606485527e-11 
33.684803800214894 -1.2311265199324102e-11 45.726199471731505 4.831690603168681e-13 
28.483892288416882 4.286394123428544e-13 44.88313680874642 4.7465057229346064e-12 
34.10457651586173 -1.0786867802886702e-11 45.84034611953302 4.263256414560601e-13 
29.146804586594182 -6.266403366332298e-13 50.59336796211246 -3.596843131694355e-13 
21.940662152582476 -7.75168901891638e-12 54.43113235782138 1.0516227021244838e-11 
29.38527479098297 -4.2505874597456195e-12 50.644400209899196 -1.1866418710015626e-12 
21.88513277726971 -2.7083666059042674e-11 54.27113338820904 -1.7683483542920997e-12 
35.98645887420156 -4.175619849850461e-12 40.11020938943335 -8.171241461241152e-14 
21.72848542171921 -4.7743506313111045e-11 20.52640379087563 1.815436689867056e-12 
32.02918410800856 -1.889257517874139e-12 39.71725175216446 1.8474111129762605e-13 
25.044595444538633 -4.1181030576706414e-11 20.599394630204472 -3.893774191965349e-12 
35.41762423434277 -5.6155156625547755e-12 50.65350178003443 3.218758592993254e-12 
35.70276272294356 -5.821108820476809e-13 50.29198798128521 -6.394884621840902e-14 
40.435176434778924 -2.668843921827391e-11 53.36732892100362 -1.9824142327706795e-12 
39.89933974673692 -6.436360542452803e-12 53.57267105980319 -1.4210854715202004e-13 
36.6867597950763 -2.173668542809321e-12 48.96402621354385 -2.5579538487363607e-13 
24.38562817500248 -3.280229500962582e-11 36.227202700320454 -2.6325710861160054e-12 
37.15569898629186 -2.0128480194702208e-12 49.062926239674 5.115907697472721e-13 
25.0827974063427 -2.2092565503622e-11 35.1924285642835 4.514328702493464e-13 
24.431004298170528 -1.642612282225066e-11 50.16497087750743 2.9736213491560193e-12 
35.077787762962956 -2.4134379862768615e-12 42.90211690878994 3.289812866569264e-12 
25.087240065615788 -3.242254173772216e-11 50.35865809740244 2.0101253994653234e-11 
35.88054081142354 -7.95316933487971e-12 42.74405202369656 9.947598300641403e-14 
30.647223664670545 -6.2971276099943505e-12 50.5543470009833 1.0373923942097463e-12 
21.672836060803032 -4.776853729911751e-12 53.84376254136525 -1.623590151211829e-12 
31.177904941090986 -6.804242266369425e-12 50.84826579816774 -1.7408297026122455e-12 
21.903363397008007 -5.043659831653956e-12 53.34148096366769 -3.517186542012496e-13 
33.84468066294769 -5.606261666052215e-12 42.505781000188435 -1.0658141036401503e-13 
22.046505088298844 -2.3416396636125277e-11 20.17774209237513 4.522604513113038e-12 
34.09448371729202 -5.99252955276673e-12 37.38025950395663 -5.684341886080801e-13 
21.973131149574268 5.435786373828605e-12 24.903009891933586 -9.64561763794336e-12 
38.36847841901971 -3.916170741786467e-12 49.69292463431945 -1.7771731777898674e-12 
38.76499978344404 -3.2426114899623754e-12 49.09508300599536 -1.7053025658242404e-13 
38.5311428493925 -1.014217088794372e-11 49.2691590872971 2.2666313270747196e-12 
37.945646292366575 -2.335559628370584e-12 49.646042816348725 -1.5489831639570184e-12 
0.0002 0
171.8787527981096 -1.2320640760831104e-11 59.48825173308089 7.815970093361102e-13 
83.46894616840595 -3.188540065598818e-12 53.2277042847654 -8.055737690799155e-12 
176.15824691434761 -1.3556066541826197e-11 59.48633192465613 7.176481631177012e-13 
86.48186745557516 -2.2721666138167424e-11 52.42277511645259 -3.089507536293464e-12 
92.70364315059089 -1.0452343446285294e-11 56.11859236730072 1.9039508843778108e-11 
147.56311060307638 -1.1442964685805658e-11 57.38609094874572 6.750155989720952e-13 
98.67626550565834 -1.865809261039621e-11 55.62521489356942 7.373563570979641e-13 
150.81840644604574 -1.5026648319992344e-11 57.45462528958082 -1.8474111129762605e-13 
116.92810370455014 -1.0559006838172095e-11 64.2234769454597 3.139873643813454e-13 
57.01820792808059 -1.4917009765981174e-11 68.0718787077916 -2.5464002394819694e-12 
118.70986880167035 -1.982305101137148e-11 64.29604103532924 -2.328168352739253e-12 
59.05546881176194 -1.0291939254999614e-11 67.8500831663942 2.256475688381813e-14 
173.87497830508485 -7.1960383874087795e-12 51.48235972719707 -1.1368683772161603e-13 
84.67487643484606 -1.6102296137906946e-11 26.072420513322466 -7.105427357601002e-14 
153.4032909203161 -3.900795322877682e-12 50.68910197643311 3.552713678800501e-14 
95.78055498345181 -5.539640732092259e-11 26.17854480276034 -2.277289468111121e-12 
150.6550484697944 -4.7209241919414866e-12 61.73978152004505 8.355982572538778e-12 
153.30327867390386 -5.352327192874331e-12 61.12379713931186 -3.140598892059643e-12 
172.25587446509317 -4.163215230896286e-12 66.22804689864427 9.521272659185342e-13 
167.24399797177853 -1.232947674519977e-11 66.556988349739 -4.902744876744691e-12 
165.77450795027207 -5.061373130689012e-12 61.90003722927835 -7.105427357601002e-15 
89.63991187153307 -3.259455637283047e-11 45.17044045161067 2.2439642741480554e-12 
169.4109560218618 1.0900473029440883e-12 61.96331700702807 -1.0658141036401503e-13 
93.36416457180793 -2.2301369342020695e-12 43.82640207523288 -2.6739361441947087e-12 
83.4277323843193 -1.8007095016969938e-12 62.55106555589278 1.3663736808666727e-11 
154.2242094805803 -1.1346797616989015e-11 54.56380364785594 4.760636329592671e-13 
88.02066811357156 -1.7020214026460258e-11 62.725070088757995 2.000177801164682e-11 
158.77019183059335 -8.561960236633241e-12 54.31558038456584 1.5134560271690134e-12 
118.58160894654165 -3.539818253103459e-12 64.36751690834087 -6.394884621840902e-14 
58.778867853684325 -4.055528451715358e-12 67.4404175015755 -5.4427573559223674e-12 
120.72381508130867 -1.5038215019054032e-11 64.71615151654052 4.476419235288631e-13 
61.64558676843251 -1.0899122876491823e-11 66.77472487983187 -2.1387336346379016e-12 
163.6125544366369 -1.1454503853278699e-11 54.40128647969074 1.4210854715202004e-14 
85.68520790136812 -1.155060398875561e-13 25.661495799056684 1.3713474800169934e-12 
162.03266292900759 -2.509200648200735e-15 48.14807646577812 8.100187187665142e-13 
85.97369677346916 -3.580330985324249e-11 29.442627773056312 -1.3638867812915123e-11 
162.72372465175428 -2.8298435359344897e-11 60.69079114105859 2.980350528725485e-13 
165.72297278278867 -3.995276919419308e-12 59.70339257616036 3.268496584496461e-13 
165.0053669107783 -6.317700921974174e-12 60.999103412335955 -9.379164112033322e-13 
159.84113040234914 -2.8425389915120032e-12 61.56017373215041 9.947598300641403e-14 
0.0002 0
215.70022411109306 -3.826939063259926e-12 231.92066062618846 -6.679101716144942e-13 
103.05778302499508 -2.057634054162304e-11 170.24573188638084 -5.875855896852115e-12 
220.92429513170518 -1.0661531468023079e-11 231.1728406696249 7.389644451905042e-13 
107.0320216885555 -2.6872973202425792e-11 166.36469682021524 -5.059565145807887e-12 
112.94129818067648 -3.665404865316381e-12 181.96091158282687 8.508325798205992e-12 
185.9095802545778 -2.0244777946900628e-11 212.6583816591552 -3.410605131648481e-13 
120.29447329995092 -1.720327671548916e-11 178.69679707828936 -1.1889116799082224e-12 
189.89536747351818 -1.8129116319309194e-11 212.08135093719798 -4.689582056016661e-13 
148.2086926454993 -5.4922723545629126e-12 244.2671469877364 -1.6234366028313218e-12 
70.96230770848719 -2.1895383521064333e-11 225.4996785335124 -1.3771094872528284e-12 
150.2749920151719 -1.5868770219396762e-11 245.39463794388888 -7.1063121902892e-13 
72.97567190718854 -2.5153494092125014e-11 224.40230644965771 -3.947141426961905e-12 
221.37082987380998 -4.164790711568989e-12 222.98724277621466 -1.3145040611561853e-13 
106.59827506684728 -2.720244416704183e-11 101.93924230473851 -4.064304448547773e-12 
196.4047376729043 -3.6152716251107294e-12 214.30592113583594 1.3145040611561853e-13 
119.28358126289888 -1.621726487540339e-11 102.679250530487 7.673861546209082e-13 
187.4235387423824 -1.2628549084430422e-12 187.83210114129795 -2.3305801732931286e-12 
191.0242379419321 -9.034791934732348e-12 186.88874705203904 3.325340003357269e-12 
210.59328080849167 -1.1803952869399718e-11 189.30225473323205 -8.810729923425242e-12 
204.2111163965969 -1.2302223483184284e-11 192.0033084290029 -2.7284841053187847e-12 
208.331058959563 -2.2514157113518474e-11 235.71001976859787 -1.9166737526240437e-13 
110.97450449758527 -4.633140714089656e-11 157.84138978960766 4.900902557507886e-12 
212.85969355698876 -1.2406404999595065e-12 235.23635115461119 -6.874708658621157e-14 
115.67621234672396 -1.3477400754600102e-11 153.820351158209 -2.0038617749492606e-12 
101.98862124503245 -7.85509539389365e-12 197.8071501635232 -8.890779386479615e-12 
192.53259743619498 -9.908896012437732e-12 210.3640145919147 2.5295321393059567e-12 
107.83474266435081 -2.1607656498500843e-11 196.1363336494206 1.0412779110473657e-11 
197.9437008592684 -6.5986743590481005e-12 208.98078764128448 1.0516032489249483e-12 
149.0985979106174 -2.2556163645046116e-12 245.50473902680648 2.3447910280083306e-12 
72.7167110919298 -2.0714997402925558e-11 224.17828724277769 -3.765876499528531e-13 
151.55958432358977 -9.753060018753119e-12 246.62173647522172 6.679101716144942e-13 
75.84789720740783 -4.151860661436509e-12 221.68905444752903 -2.7711166694643907e-13 
208.82815486401057 -3.662931082367159e-12 230.4375966176016 1.2789769243681803e-13 
107.76812149733357 -2.0089602343695096e-13 101.88220227995703 1.850963826655061e-12 
205.6485451255725 -2.192388869577653e-12 208.90520626712464 2.8421709430404007e-13 
108.18610714044767 -5.9196332857150026e-12 107.40222127813558 -1.3507417406799505e-11 
200.8931516230538 -4.503041977049209e-12 188.90584461662388 -9.84449251706809e-13 
204.79400356101837 -9.962604306840785e-12 186.70651207309044 -4.831690603168681e-13 
202.34043059554241 -2.5642902344943244e-12 180.87800750457896 -2.0747847884194925e-12 
195.67561369598832 -4.92449661128007e-12 181.51866530793592 3.552713678800501e-12 
0.0002 0
803.9151699153258 -1.4676464951153094e-11 285.11385574880984 2.2737367544323206e-13 
343.2639282417301 -4.913272084737232e-12 205.49819878449557 -9.243041262531518e-12 
821.338254301673 -1.0546812382185128e-12 283.97365633513266 7.26583487910227e-15 
362.0238875527647 -3.1616496451558235e-11 200.8024776673795 5.787979117101989e-12 
347.5216384819081 -3.671568164754518e-12 219.58263766641312 1.1513977023457124e-11 
692.4439181847741 -3.0881231379753973e-11 258.69633126785396 1.5631940186722204e-13 
371.81415314788455 2.494951047042071e-12 215.41457022840288 2.955079923988879e-12 
705.4905817799383 -1.4383169459181277e-11 257.8329241697627 -3.979039320256561e-13 
557.7279026758034 -5.4202962260427125e-12 300.5763117092662 -7.24921933293945e-13 
232.8207510605822 -1.329018635100348e-11 273.16126884570673 -2.770101353786056e-12 
564.7472759342321 -8.601149772306106e-13 302.16891796525726 -4.049442603666033e-13 
236.6665717783947 -3.378330948575732e-11 271.76941588610896 -3.255715023973502e-12 
921.9558540408946 -6.349636462374228e-12 279.6892866498798 -3.907985046680551e-14 
411.2388272554771 -3.905728754103935e-11 126.64108798383981 1.2398970739013748e-12 
836.4827381492469 -1.1221711851870784e-11 267.792144179148 6.039613253960852e-14 
433.23875307156686 -5.351291456205185e-11 127.27664016384007 -5.801581437481218e-12 
650.1944956358302 -1.1578323304319697e-11 224.95082151270404 -3.183231456205249e-12 
673.6941693169542 -4.883212890160011e-12 224.7315751517199 -4.916955731459893e-12 
662.4729529703584 -7.885112551017939e-12 221.97609495193154 -7.077005648170598e-12 
633.5329286195929 -4.898707459233798e-12 224.5641142616949 -2.0179413695586845e-12 
786.8970729963208 -1.3500104107775598e-11 288.15183993355885 3.935469083345619e-14 
360.04091590520557 -2.2574313469771995e-11 192.23545114884686 1.2420529994216946e-12 
802.5142113484392 -3.6907068137566007e-13 287.38043844535554 4.5065265604005234e-14 
379.3385888194026 -1.576517986179931e-11 187.59284943028553 1.4595293741432592e-12 
325.15836986987176 -1.7491214239722496e-12 236.92578869251997 -8.667572955421423e-12 
697.4579055836839 -8.453437347450058e-12 256.5347005329508 -1.8616219676914625e-12 
347.0764238842331 -1.7516616068291246e-11 234.38764064016902 9.788814637547793e-12 
713.5662543034439 -1.0349696034389568e-11 254.77732659132135 1.1510792319313623e-12 
552.6701991751852 -4.716441789784144e-12 301.48428930663357 -5.968558980384842e-13 
234.96467243126014 -7.652357696204688e-12 271.14779488099157 1.0800249583553523e-12 
561.0635782619843 -1.1575808876476018e-12 302.9669385553242 2.4726887204451486e-12 
241.4218028361294 -1.8992561621310475e-12 268.0652196031857 -2.3803181647963356e-12 
888.4434004044159 -2.47416778022058e-12 287.1634196452468 -1.0302869668521453e-13 
409.6920162748644 4.303230531209002e-13 126.70665523665541 2.595257342363766e-12 
853.7458094551243 -9.003314516868541e-12 261.1354662929076 2.7000623958883807e-13 
412.58407331471375 -2.5483182731355626e-11 132.07044618227877 -1.9099388737231493e-11 
668.9167888482789 -1.0805256631792396e-11 227.51874645425377 -5.513092187384354e-13 
691.1427957741739 -6.905695992813134e-12 225.791937418201 -9.448157545447354e-13 
647.5456224720697 -9.353743913060048e-12 214.07797475246562 1.7621459846850485e-12 
616.4007439257433 -9.809862188529416e-12 213.7114511563612 -6.252776074688882e-13 
0.0002 0
980.7392058238396 -8.485771878613155e-12 920.4226824116382 -6.26570781248519e-13 
412.8218750536158 -1.4377835480100365e-11 593.9172978472968 -7.71786054058838e-12 
1001.349328093891 -1.0768377924418714e-11 915.3623293317861 -8.063823848333003e-13 
436.4510545182606 -1.153051135082618e-11 582.3981108032859 -4.283929922442656e-12 
414.2510924551672 -1.314424316487e-11 645.5779311982084 5.338783111026811e-12 
840.7216085265945 -2.0445189043476784e-11 773.025538680979 -9.947598300641403e-14 
443.13920124169806 -1.1785501289894389e-11 630.4919122373118 -5.511264057213104e-12 
856.1481745877938 -3.606763897338359e-12 771.3782520521364 1.6329153872578827e-13 
683.9211225716093 -6.929045350145343e-12 983.798439741136 -9.053671268043538e-13 
281.27906367156214 -2.0924994193497173e-11 836.0036181414687 6.10619188305713e-12 
692.779420424505 -1.7274975218546488e-12 995.4678239182767 -1.845462628314455e-12 
285.58398716957475 -1.8973690667735906e-11 828.5636968722009 -6.740345459881725e-12 
1146.8041648479407 -3.902327424834332e-12 1017.9772091543219 -5.976031111237193e-14 
510.42529249667143 -2.9616874845447205e-11 436.97573500639294 4.9542592250872985e-12 
1043.6781431417633 -4.455077459090534e-12 952.7476661252051 3.459791600864627e-14 
531.7958765124799 -1.0259352028276653e-10 431.4630067465779 -2.5082158572331537e-12 
784.916789303131 -8.339502671483258e-12 637.8820087208219 4.547473508864641e-12 
816.249776303915 -1.968083769103744e-11 657.4011740951061 3.353761712787673e-12 
784.454267651141 -1.66138067649852e-11 589.3470153975038 -1.8758328224066645e-12 
747.8200070970768 -1.2229527612644741e-11 572.2507118859943 -2.5579538487363607e-12 
964.3847973522934 -1.7145919867398713e-12 909.0215391453087 5.130338554884125e-13 
431.89803029521534 -1.521891280670668e-11 583.9546598324658 4.308705029757727e-12 
982.7889297128628 -7.98560083289388e-12 904.8503330299608 -1.9922722877606467e-13 
455.9044447851346 -2.0602099430306898e-11 574.5314670405888 -1.4425690476359863e-12 
390.14471587141963 -7.868536500714491e-12 664.0809101189055 1.675527223482225e-11 
845.889958046396 -6.8392360251096685e-12 780.2988667761961 1.4495071809506044e-12 
416.6752253998636 -2.578492621448157e-11 648.7276020119203 1.3690239254882745e-11 
864.7196233572511 -4.534281260406855e-12 777.7014937458719 2.8563817977556027e-12 
678.8096222530381 -6.717866535453822e-12 983.4346050876973 -5.258016244624741e-13 
284.08876001147496 -1.887702643520957e-11 827.8345026188824 -4.704934003628569e-13 
689.3205683230531 -7.444279576900197e-12 993.1523631522568 -3.3692640659022234e-12 
291.4199335849979 -1.9214345802244566e-12 816.1117794932633 -3.0923247506895457e-12 
1112.1950101959033 -1.229983180640965e-11 1022.5168982044627 -8.608063302304076e-15 
507.9556015623202 -6.071186069281754e-12 436.9763909882471 1.5096518947494833e-13 
1064.6695174498027 -2.5212565207848505e-12 937.0161178449493 -3.126388037344441e-13 
510.40854355590415 -1.4032444275979489e-11 433.7393132556994 -2.148681232938543e-11 
803.1714809436544 -2.1743108003540167e-11 655.9204947235244 2.584394600726596e-13 
832.5183501520239 -5.528800303257271e-12 670.4063913740101 3.552713678800501e-15 
770.9040389531511 -8.17250933779441e-12 586.8769161856335 -2.5011104298755527e-12 
731.3593377841671 -1.0876238871784439e-11 566.9901204625294 1.3642420526593924e-12 
38.0541 0
3052.6207635491337 -6.7101714613445405e-12 1100.0581861773833 -1.2314678007890804e-12 
1147.7558348069497 -5.25994378027666e-12 698.643732127347 -8.568672199945295e-12 
3110.91234568135 -1.4644331351098368e-11 1094.253462012242 5.794405779743023e-13 
1230.897948088417 8.574211688980326e-13 685.7474272946522 9.01570421373863e-12 
1143.946395942077 -5.2907223774954614e-11 763.2628326710716 5.211565806919601e-12 
2474.641170152173 -7.951062396246136e-12 910.1239430814145 1.9895196601282805e-13 
1224.9414459260647 -2.3324683925481644e-11 745.055961110659 -7.778421868419234e-12 
2524.906499252988 -2.963892356474402e-11 908.999460077442 -6.679536197172004e-14 
2209.725289520932 -2.7353246538621943e-12 1182.229531836208 8.271683140466555e-13 
853.297027557528 -2.6319393629830128e-11 999.3012638569859 5.703341301299397e-12 
2248.778765889105 -3.1992700805269377e-12 1197.8211219510708 -1.1685256353116844e-12 
859.7340402735704 -1.7453516152529425e-11 989.561835193062 -7.466136582101503e-12 
4022.2011626918975 -7.618443960568799e-13 1238.1525809509326 -9.932612794467713e-14 
1748.7602732978642 -6.929872801640136e-11 529.1828591683487 -2.5253324106333865e-12 
3691.4733211351304 -1.1364189465774979e-11 1153.6386056150748 7.626795495309183e-14 
1735.8269470104922 -8.331877266240567e-11 520.9210432690401 8.737530915908496e-15 
2263.942215392626 -1.3947553251792261e-12 749.8594139483401 4.234834705130197e-12 
2421.22253659952 -2.3149362035133544e-12 777.1059764769585 2.9842794901924208e-12 
2122.269760780943 -1.2667109512529484e-11 689.4827127554951 -4.547473508864641e-12 
1965.2810199940131 -9.713543530400206e-12 665.1317456173941 -2.8990143619012088e-12 
3052.3668831520117 -1.0576390479175018e-11 1086.1633940506238 -4.0670236023924533e-13 
1182.9558960887055 -2.231806330402287e-11 692.6183377414817 3.388862647067809e-12 
3105.553260407635 -7.972746596241115e-12 1081.2958869547274 6.77104463908316e-13 
1265.706979686857 -7.567748207396319e-13 682.3990639942965 -1.1025851856476156e-12 
1109.2041406202225 -6.720222055213763e-12 781.2790684405846 -1.6967615669968854e-12 
2464.6860443544088 -5.940932056641296e-12 921.6350658056589 1.9468870959826745e-12 
1187.5937815519328 -1.7000571100006036e-12 761.9833809009111 3.6965429293239465e-12 
2519.617586685092 -1.61375054450135e-11 919.7405771543101 2.5387993274425594e-12 
2198.3187860953863 -6.689802778716609e-12 1183.575875138647 2.9558577807620168e-12 
861.3211171948329 -1.3235497126859084e-11 991.1343260183157 -7.098050379723964e-12 
2243.1092559295744 -1.2297714226918152e-12 1196.8321577074466 2.2355304058942033e-13 
873.8807930654134 -2.3682581600315977e-12 976.3431902220465 4.60279268062736e-13 
3983.689225685959 -1.0662251871658986e-11 1243.5581507351565 2.7262454927163114e-14 
1740.812918306055 -4.7577636936968674e-12 529.854619083637 -5.283823995425394e-13 
3725.6514807594963 2.9327642815693583e-15 1137.6388681816022 4.298783551348606e-13 
1718.265746479932 -3.847770967260497e-12 523.1526342889798 -2.0833113012486137e-11 
2286.4065755165943 -1.8778367853824953e-11 773.1237952601214 -5.475357881715297e-13 
2436.4030978222245 -1.856577342922404e-11 794.4686018230926 -3.019806626980426e-13 
2110.91765734107 -1.0924991728841762e-12 688.6910291897615 -3.637978807091713e-12 
1946.464154184152 -5.795608286188867e-12 661.6866178436175 1.9326762412674725e-12 
134.8189 0
3637.4032764846625 -7.651138913523772e-12 3022.6729122612123 -1.612686934910368e-13 
1343.3203221405606 -1.167118990541419e-11 1725.2688917586831 -4.028081169547849e-12 
3707.2952968000923 -1.8492555056416458e-11 3020.1232653191796 1.0974305562482824e-12 
1443.9992345195083 -1.66345726705206e-11 1709.5119720644084 5.445737792473146e-12 
1343.944120578702 -4.16543288945055e-11 1977.9767614012146 1.9032262050753012e-11 
2907.758158129873 -1.7720427102625092e-11 2309.083810803035 -6.572520305780927e-13 
1439.8683376423303 -1.0867881282534195e-11 1932.064966433395 -5.865111701944069e-13 
2969.9761542463248 -1.4907608654460766e-11 2326.528520746828 8.029533932258943e-14 
2653.52985525126 -1.238789287850631e-12 3399.27439466144 6.014093048996429e-13 
1020.4385384379939 -2.20411916358091e-11 2827.0912828555433 3.096388109150921e-12 
2703.7545621743257 -5.521748784578022e-12 3467.2917666023527 6.347473124605614e-13 
1026.7697165762822 -3.603416717349301e-11 2779.235758096265 -1.0058686942156239e-11 
4872.47618424293 -4.117684587135685e-12 3718.6717922997827 2.373794831066199e-14 
2118.9706559933147 -3.4256460418789975e-11 1573.3033260971808 -2.62535422817676e-12 
4465.68228870681 -1.5039663533227836e-11 3372.5898652207784 5.884984456518957e-15 
2092.267525637376 -6.030047737268538e-11 1536.4107828655194 -5.849004003887938e-12 
2666.8810729171737 -5.351719270268379e-12 1911.8997105548349 9.947598300641403e-13 
2866.7678640725426 -2.6316179978282685e-12 2043.4427620882336 2.8705926524708048e-12 
2483.72174688015 -9.820830724238553e-12 1746.454594064495 -5.3717030823463574e-12 
2287.0177038650054 -1.3480167422579903e-11 1627.9078347094012 -4.689582056016661e-12 
3635.462118615247 -1.0264435543021694e-11 2990.3006177855555 3.1161212594497336e-13 
1380.220647938766 -4.6217967342704895e-12 1779.1927610581367 2.5198342168659596e-12 
3699.632698782698 -5.279776502354375e-13 2989.2565052061054 3.8961591660294304e-13 
1480.2407788693465 4.704407260350049e-12 1771.5127011177267 -1.6977580555536724e-12 
1304.738397967659 -1.0069159075950922e-11 1963.7962378570994 -3.743765932856453e-12 
2888.885403943324 -5.284332371415739e-12 2338.179971149625 2.1742607714259066e-12 
1397.819931980849 -3.1960020701058067e-12 1909.643536058798 1.6739121926797675e-11 
2955.611411407779 -6.217764099533175e-12 2357.0092176202957 -9.881226803857733e-13 
2635.19200909015 -5.491153892929567e-12 3398.2507206079135 -3.3992491654976944e-13 
1027.8810890651655 -7.282803093897028e-12 2812.2183439237742 -2.732115020189757e-13 
2691.9223693481913 -9.65736998238687e-12 3463.311284485658 3.088735934741403e-13 
1041.106180903339 -1.1701775144985148e-12 2754.64953372165 -7.085832194619621e-15 
4825.263344444371 -6.007979898760026e-12 3722.9465644013303 -3.0819516034718476e-14 
2106.539528943091 -5.420572959901878e-13 1581.230454461727 2.4588627293145675e-12 
4492.234889379499 -3.09976980863077e-12 3328.9263402001134 -1.7786317307139432e-13 
2072.816290631988 -2.6526364789764016e-13 1536.7430195900843 -7.531752999057062e-12 
2685.882249231141 -3.79685414738314e-12 1976.0041243008811 -8.017905610092838e-13 
2877.2162091198197 -1.537909443733864e-11 2096.5604386909886 -6.235012506294879e-13 
2469.1650770051483 -5.720354928583583e-12 1750.5692264877157 -4.263256414560601e-12 
2264.794201331848 -1.1425967050084733e-12 1630.645728305358 2.8421709430404007e-13 
52.4327 0
9762.12990952539 -1.0274232391431604e-11 3530.919745733237 1.1592668370663228e-13 
3351.9935428194613 -9.571692890988706e-12 1981.5439838151865 -8.068644718671113e-12 
9990.488340479676 -7.34883910696603e-12 3531.951847156986 -1.9386222202304144e-13 
3654.4195940564878 -3.4243634221272876e-11 1967.8672837060733 2.092062392035238e-12 
3435.85487120569 -1.6970625579542382e-11 2291.5701833857215 6.791865959952484e-12 
7209.538477169969 2.8829206027399733e-15 2668.4922318667036 -4.441489769489539e-13 
3710.6877418692275 -1.8764168133959335e-11 2240.331956760198 -9.441503443491916e-12 
7435.2508647106215 -1.8890346227853932e-11 2693.2961709988444 -1.0679043319981989e-13 
7446.971637902395 -8.289816964471467e-12 4001.95399680735 1.9515907082454317e-13 
2866.0532801933045 -2.1780292533007116e-11 3331.1469381869742 5.448310338449981e-12 
7641.833624981278 -2.0670342821277042e-12 4085.303086680475 -5.974941331150812e-13 
2866.707543812586 -2.309213361904233e-11 3270.300838654431 -1.0408362969936085e-11 
13989.995448899057 -1.8699262520848023e-12 4385.7490692253095 -1.312794852552366e-13 
6294.742425418971 -5.968136734840757e-11 1864.4100409109676 3.0853020689215203e-13 
12589.884743447677 -3.5003011358690884e-12 3959.95539463282 1.53241544758083e-13 
6119.350077062884 -4.152101080049947e-11 1820.0702820002987 -3.1148344495252546e-12 
6809.802103849859 -8.615560216723347e-12 2218.670260868972 -4.234834705130197e-12 
7526.91246614646 -1.0053544851185895e-12 2381.0229520063167 -4.01479589366303e-13 
6224.305029610273 -1.9688538637354163e-11 2027.1334189978572 -3.0127011996228248e-12 
5553.936948491375 -1.171873526622632e-11 1880.992108483013 -1.8572908140878816e-12 
9725.367262100384 -1.9650167140000788e-11 3490.1043035536404 -2.7655424042851547e-13 
3386.803506149372 -5.385168523007148e-11 2048.702438752054 2.3915138305095746e-12 
9943.894986606649 -1.13053883840926e-11 3492.9611629476367 1.8271130142074056e-13 
3686.3378332051816 -1.7669503495650232e-12 2044.2579628815186 -8.444055501837106e-13 
3369.2046920654534 -5.745576099079873e-12 2262.921358935668 -3.269563012614144e-12 
7141.16677965371 -6.586426194851099e-12 2693.1577697955922 2.1174173525650986e-12 
3638.7825054398613 -1.0006341190011457e-11 2202.2316100864405 1.7237719315349294e-11 
7368.970653894364 -3.764274875064466e-12 2719.487920836291 -1.4172241318771599e-12 
7377.98310948975 -5.2528553306263444e-12 3989.1631294011095 -2.5180901137752272e-12 
2866.4933369578403 -8.532054224996586e-12 3307.41255283238 -2.938152670658865e-12 
7580.553174322824 -5.117531916912207e-12 4069.9328931516425 1.8174617194126783e-12 
2877.1622269673994 -6.237099026384919e-12 3236.5417233302915 7.1907247053874546e-12 
13865.346056249873 -8.234420049808883e-12 4379.977438319431 5.697291531825336e-14 
6229.769258186128 -4.3291743359234486e-12 1870.924514416867 3.5889280745675807e-12 
12566.60028789974 -1.0003891509289053e-11 3897.848730312449 3.5553194299526647e-13 
6076.420338112103 -2.4814537379225874e-11 1816.518496376859 -3.360867140145274e-11 
6786.58364330767 -1.002948284826157e-11 2287.3701847544585 -5.170684377545531e-13 
7485.449538744977 -1.591078296554748e-11 2437.8954122893083 1.9236850467207747e-13 
6187.474127490268 -1.0943656784611937e-11 2026.4899186978012 3.979039320256561e-12 
5510.3641949329185 -4.147546994432633e-12 1879.823121663209 9.777068044058979e-12 
158.3650 0
11322.742555836006 -9.609054727420307e-12 8395.527713132833 -5.314844965290486e-13 
3878.1183619254275 -2.066148900322263e-11 4396.619444146358 2.128222042763968e-12 
11600.435436306832 -1.0479740526197273e-11 8454.959227938565 3.974676666870636e-13 
4237.445029169747 -2.6945905046054673e-11 4434.595464167059 2.5224267119483557e-13 
3984.103692638019 -1.0981988982268702e-11 5313.4668278132 4.914997855176494e-13 
8280.572585697482 -4.2941369779586716e-12 6111.156709708495 6.478165978986581e-13 
4310.914289282844 -1.1275299041261374e-11 5240.818393479225 -1.5852510797874964e-12 
8554.850465764599 -1.2401310696845341e-11 6225.47439349691 -2.2580758968080147e-13 
8690.432717869027 -1.2199991235239397e-11 9900.072944110123 -2.784500414994529e-12 
3362.4276562445957 -2.8340208929501045e-11 8496.16208524859 -2.451493345332403e-12 
8925.832776911277 -1.1087288689898318e-11 10128.361528670745 -1.5504562499827313e-12 
3361.6216961162445 -1.4932287296310893e-11 8277.586254288886 -9.387262882891022e-12 
16283.8851586778 -4.578471969017137e-12 10562.472001561464 -2.380737015935958e-14 
7440.598323205413 -5.84268402674776e-11 4929.706717401523 -5.669225169307954e-12 
14604.51698621553 -6.758751307701892e-12 9402.822249744224 -3.805656556282471e-14 
7226.584152049887 -5.749022013833588e-11 4811.599994875999 -3.5019638224560286e-12 
7880.239224607205 -1.6067047849207526e-12 5283.460376641607 -1.4210854715202004e-12 
8740.766347707966 -3.3574499458418862e-12 5765.482023402873 3.744294916289589e-12 
7189.235495956307 -3.3066099524329956e-12 4843.839334426238 2.2026824808563106e-12 
6388.782771127331 -1.0784965840193625e-11 4405.692309140859 -2.4086223131614763e-12 
11290.920101671054 -1.562508824887229e-11 8284.304291890598 2.512322446097314e-13 
3916.0244125629984 -5.993261829349479e-11 4551.476214852444 1.7189107025903205e-12 
11558.38077393037 -5.630099286123935e-12 8351.101732825402 6.277896562830701e-13 
4272.290600749053 -2.2187612987471653e-11 4605.432675085891 -4.173338451268498e-12 
3917.71903098005 -1.156617818959616e-11 5148.551445237296 1.9716959378881584e-12 
8214.4093625928 6.560821390391173e-14 6037.09580663733 2.6865458554946245e-12 
4239.394147590054 -1.211259464821882e-11 5061.633083799965 4.318593892390799e-12 
8490.86369649888 -6.248808577396031e-12 6147.3749405665985 6.990650175269078e-13 
8624.399132534038 -9.549216295393588e-12 9705.193851125216 -5.177288274010686e-13 
3366.0452074794603 -1.8268120847945262e-11 8348.017781588074 -9.903355093321546e-12 
8867.012870519622 -8.597844740345962e-12 9935.86020257341 1.2900439216745381e-12 
3375.4016603894424 -2.3320149406455186e-12 8127.11662462766 -2.9202663957112414e-12 
16166.13259853795 -8.192252801925476e-12 10433.434729240169 -2.4251874332542132e-14 
7373.5329682191605 -1.866785959440895e-11 4911.518602003073 4.193570540139868e-12 
14590.20216624808 -1.334827174695762e-12 9096.422525796324 -4.240942787005414e-13 
7187.890663864827 -2.1548513480970727e-11 4756.408684165463 -1.55478744410575e-11 
7855.94475611751 -3.941529193392485e-11 5366.681869946794 -1.329465451362676e-12 
8697.525642787243 -4.946385288955574e-12 5834.588431406262 8.707539126570236e-14 
7157.929244750567 -4.2190713688324506e-12 4763.247315439149 6.792788553866558e-12 
6349.807195976266 -7.13461510935215e-12 4339.898005520271 3.751665644813329e-12 
49.5823 0
25364.61769986256 -1.3295522642558994e-11 9539.968245816475 -9.979240006206847e-13 
9183.472695567656 -1.1108586586160088e-11 4985.400590673026 -8.75562681802479e-12 
26148.61240064169 -1.4604659792998977e-12 9615.378459479261 9.369059117743157e-14 
10146.568767185294 -2.416189779447323e-11 5040.530142011284 1.0428786123986277e-11 
9465.439637759267 -8.131038442528956e-13 6053.515198850575 1.1324226456539008e-11 
18075.849914534705 -1.1011526499584654e-11 6933.742612207766 -5.729817429855096e-13 
10361.882288565203 -1.4697044248952366e-11 5980.859303279816 5.992170388417082e-12 
18833.653482768117 -4.26096577155696e-12 7071.335555185964 3.216615199963328e-13 
20006.67407155102 -5.797102893601766e-12 11302.078420264357 -2.0073892885119416e-12 
8284.771726493831 -5.012498963065786e-12 9797.310033639113 1.934089487202493e-12 
20587.935694535732 -2.0849632615751247e-12 11562.236578650383 -8.454886017705761e-13 
8281.230817911543 -5.779531385345522e-12 9536.529685146734 -6.4380780901427064e-12 
35334.58611527704 -4.625392671900319e-12 11928.937721521 -1.6949011363610373e-13 
19348.619836493803 -6.531656722788972e-11 5728.8081563268215 -2.272540805815962e-12 
31422.61368014466 -9.094096387855243e-12 10623.307230861397 1.758378367214123e-13 
18750.3729946942 -7.046336801795756e-11 5591.169078856052 -1.4963141260150484e-12 
18276.96931328086 -1.6220784277519202e-12 6048.245381524508 -3.289812866569264e-12 
20536.994925276613 -2.7785795958780176e-11 6609.5603162300595 2.307161600502393e-12 
16561.79982648935 -1.8395887400461143e-11 5548.00269455421 -1.9184653865522705e-12 
14481.42061557586 -5.724067714210375e-12 5035.846374785595 -2.456710359270439e-12 
25345.48821569791 -3.2516669424799115e-12 9423.13702061903 -2.077204160420946e-13 
9240.157040575717 -1.823563254468318e-11 5157.28116960621 1.2782176174328742e-12 
26118.09147669785 -6.505706031375893e-12 9508.006943009794 -1.0249820544482407e-14 
10198.185254918088 -3.7785920510086405e-12 5229.60149477074 3.686198987838134e-13 
9398.785186532019 -8.544795367244789e-13 5863.130073686678 9.236570408516619e-12 
18006.059072123735 -3.3610128700194123e-12 6830.193136399743 1.8492250887553154e-12 
10290.785849840619 -3.2309213987033984e-11 5775.684448993172 2.207367714146947e-11 
18766.585306972494 -7.41042917921719e-12 6961.195353240636 2.7903954868507288e-12 
19948.407298515976 -8.300084254084859e-12 11058.545184869869 5.329129664475961e-13 
8311.301504716264 -1.9485243836654563e-11 9619.786761832795 -3.048053936997274e-12 
20534.43909803743 -1.080473552902495e-11 11323.080506847866 -6.473332780475604e-13 
8317.785079156853 -2.5104164281294586e-12 9360.331147049563 -3.9513173707584617e-13 
35223.550541099816 -4.977426051518864e-12 11776.901526566427 3.204196922183042e-14 
19268.27324006404 -1.030878673543195e-14 5709.6228767909315 2.6144748664725893e-12 
31399.52168612208 -7.006664385404366e-12 10252.708345573961 6.989979134410108e-13 
18731.776710961312 -2.93528353367952e-11 5526.248536714593 -9.697805334744259e-12 
18251.27766170412 -1.9473211860337082e-11 6139.457569494245 -1.066146404350562e-12 
20487.693794680272 -2.824237120280514e-12 6687.647492943935 -1.901410020783264e-12 
16543.02800220998 -1.8087023757240536e-11 5444.821562951055 -1.3642420526593924e-12 
14451.655023953215 -1.2167605418510301e-11 4952.446137422959 -1.0376791353728784e-12 
136.1587 0
28469.883655774585 -1.407291913238004e-11 18653.744096863946 -3.2613630131022546e-13 
10535.32551414707 -2.902574375259715e-11 10366.992020083757 -8.85664992340714e-12 
29369.433859572597 -6.48665860591781e-12 18835.288440885328 1.0906663214488877e-12 
11654.922275113538 -2.7825244609210867e-11 10588.968004891589 6.817915529506034e-12 
10842.275137192588 -3.144399534804319e-12 12771.340525296262 7.86054953924143e-12 
20304.051593652057 -1.3697814070049768e-11 13817.70322847344 9.065966092852121e-13 
11888.096019905432 -3.935382736185353e-11 12722.990735847245 7.270620019162422e-12 
21172.500536963056 -1.908948358378114e-11 14138.975381561753 -1.893596390800667e-12 
22510.224907992393 -5.044829948660864e-13 22509.262680268996 -2.1887287192605493e-12 
9490.361961813906 -2.1301508369624188e-11 21422.2099501652 1.2836780598657308e-12 
23160.51350158132 -2.0160582717081007e-12 22970.10322546104 -1.4880470939873819e-12 
9490.487488603327 -1.1776098230840016e-11 20788.914281872374 -6.565934014274936e-12 
39112.002609987074 -3.6218519735249426e-12 21562.265723414075 -8.055200202212576e-14 
22439.060440345325 -4.547631870388165e-11 13420.01072837407 5.012801796971143e-12 
34813.28630213805 -4.020917580262031e-12 19550.784463732693 -9.329322802138004e-14 
21734.982462476535 -5.0032964092342365e-11 13095.582044065388 -7.310308399976747e-12 
20818.233604710716 -8.330917055827246e-12 12893.039491542435 3.794298208958935e-12 
23408.970455942293 -9.351844837660949e-12 14109.215446624417 8.093130879304107e-13 
18835.930185357833 -2.0056116173831902e-11 11883.576869721277 4.433786671143025e-12 
16450.47866005229 -1.2927765361153374e-11 10730.667202661294 -2.3763973160126284e-12 
28418.01724032702 -8.400481857288941e-12 18427.153722063238 9.11477194807249e-14 
10581.584305765693 -8.703395277287583e-12 10588.190921770358 2.534196930213946e-12 
29305.051592176857 -1.1144153747190413e-11 18643.863189694435 5.453952430465845e-13 
11693.987119762625 -2.4350168319682332e-11 10834.805890682564 9.993662253451393e-13 
10761.428765129791 -1.6745855069263573e-11 12280.193627806504 9.1928006635074e-12 
20209.614056606122 -9.461401149716592e-12 13263.912436977316 2.4998865939150763e-12 
11801.347683416496 8.945322699791611e-13 12209.685610171106 2.030914187941523e-11 
21079.488846810036 -9.559625399779707e-12 13540.7466887038 2.3376856006507296e-12 
22426.939779996803 -3.079991038588483e-12 21577.092200715324 -5.812002400237976e-14 
9509.007106001167 -1.2340259785024069e-11 20742.140107007734 -5.9030256391695284e-12 
23081.096174140715 -8.355094183958828e-12 22070.279053681006 -9.535974612534813e-13 
9519.066838800716 -4.00418580307618e-12 20176.170547635193 -7.846375469160683e-12 
38959.72012066546 -7.262768480947436e-12 21112.136838821927 3.6779337084322435e-14 
22325.339438416042 -4.271321811755131e-12 13328.186306397847 1.9039847905727224e-12 
34746.20783554294 -3.8823917072234557e-13 18428.9973907786 2.5956954265881267e-13 
21687.775387520134 -2.386212570963232e-11 12822.503588670827 6.352357971549123e-12 
20766.18934765018 -1.1639372893377084e-11 13029.687328254091 -8.547397203035455e-13 
23329.361356838945 -4.0309737520655325e-12 14246.809450786182 9.50673413222722e-13 
18793.70498412134 -8.292966822133303e-12 11399.358394609637 5.684341886080801e-13 
16400.43315800491 -5.456397426174536e-12 10344.314996190269 5.7280416742438435e-12 
44.1051 0
50385.55715475631 -1.263940573523971e-11 20435.541881060744 8.96711993626109e-13 
22873.47669970932 -2.3584322825663277e-11 11612.034762879643 4.227729277772596e-13 
52025.79328403752 -6.791096686579603e-12 20630.242753397608 8.438191407020164e-13 
25388.87874535879 -1.1202622087989437e-11 11870.3497072588 3.886595574683103e-12 
23062.537673430055 -2.1180804810693084e-11 14307.78175178837 3.2178725521984855e-12 
36984.4232145903 -1.280728902915488e-11 15242.052683575856 6.029410548571137e-13 
25430.13848242303 7.30765768606263e-12 14264.967161928173 -2.9710422947965914e-13 
38589.58585931023 -8.380353207651034e-12 15595.620622333969 1.8847146066036657e-12 
40015.01039668603 -2.4548089348496127e-12 24697.25938791068 -1.0509421558546733e-12 
19449.97235096192 -2.7897434903949042e-14 23984.40167190809 1.8293913460111773e-12 
41052.393388389326 -2.8338335166393667e-12 25186.453858769695 2.566869376160143e-13 
19544.143502152125 -1.3111867663614121e-11 23273.95303015323 -3.3018426946924396e-12 
61800.29243805524 -2.656337845294957e-12 23206.95542984834 -1.1146546108080447e-13 
51228.034935723896 -5.1340145746039474e-11 15264.736771841162 2.2691013013812063e-12 
55848.12244585109 -3.910186643439942e-12 21139.42297494999 1.2081844573887002e-13 
49363.94352394693 -2.4183882491784652e-11 14894.985895895992 -2.2235190990955333e-13 
42206.09308561018 -3.9042416447687306e-12 14413.860698645696 -1.8332002582610585e-12 
47275.26782432657 -6.325336528501049e-12 15759.539808371239 -3.296012246804262e-12 
37698.80840004405 -2.2373686157435268e-11 13296.377240332218 5.4001247917767614e-12 
32992.11792241673 5.363354094081973e-13 12009.891775696364 -4.667849035771084e-13 
50154.80358977157 -1.0289881667717821e-11 20156.904879776564 -1.911424830454883e-13 
22832.72606001122 -5.612720099530134e-11 11816.190813693915 -2.8892796190580565e-12 
51776.50815419758 -6.122840300111268e-12 20393.63586919273 7.621363967557316e-13 
25324.36182476337 -9.274268623056884e-12 12100.25350751693 -3.452970956464024e-12 
22897.10648966417 -1.7084689080474098e-11 13712.32455601892 4.875049365691484e-12 
36770.95835018581 -5.12049810523599e-12 14543.031321601258 -1.2562663070238193e-12 
25249.55118353157 -2.6640595249136434e-11 13644.436962648984 2.0403919250866036e-11 
38372.363023123835 -1.8703278048555955e-12 14841.369188957884 3.105071755271638e-12 
39823.39790146695 -5.031849458484454e-12 23554.403176304848 1.2857808888998575e-12 
19424.36327164254 -4.327007597207732e-12 23115.043269797952 -6.149368347120471e-12 
40858.92498247078 -1.0154588736648697e-11 24083.873276589147 -2.041395374984761e-12 
19523.94530054061 -8.18745202118073e-12 22493.61342871094 -4.0878897594719334e-12 
61482.12111773521 -2.292634103095652e-12 22669.246335112257 -1.4021611495011108e-14 
50860.413047336464 8.70292637705384e-14 15122.358678509518 8.242869017385212e-13 
55592.22640812291 -7.41204223085172e-12 19822.645902269724 1.0402025666926854e-13 
49095.136408181315 -7.55158810653221e-12 14526.237356943719 8.425277119091725e-12 
41979.29020916526 -9.217619494071833e-12 14543.093863071546 -5.476897486612599e-13 
46997.56313295187 -6.502957637215752e-12 15892.677063951025 2.5351082487855633e-13 
37510.3614570198 -1.6011311825151263e-11 12674.853368446165 3.211653165635653e-12 
32813.2466474387 -5.497542193129024e-12 11511.70399255592 -2.0470763167198678e-13 
95.7711 0
