8.332519999999999927e-01 -1.618979999999999898e-03 -5.562749999999999986e-03 3.732550000000000034e-01 -7.433959762650222671e-04 -2.921368323669160626e-03 1.855432764105489907e-01 9.826314698544813542e-01
6.250040000000000040e-01 -1.109139999999999996e-03 -4.320169999999999913e-03 2.788320000000000243e-01 -5.396673417948451073e-04 -2.370775517667419226e-03 1.389612007091977353e-01 9.902948413881913492e-01
3.125040000000000040e-01 -4.541619999999999793e-04 -2.160399999999999820e-03 1.391310000000000047e-01 -2.036251280662339171e-04 -1.109704215528078660e-03 6.950939006421624766e-02 9.975806592883914581e-01
2.082539999999999947e-01 -2.288869999999999924e-04 -1.495409999999999968e-03 9.286850000000000660e-02 -9.723703914254298451e-05 -7.897260598425075032e-04 4.641691114328053147e-02 9.989218374015182977e-01
1.041279999999999983e-01 -1.313859999999999919e-04 -8.534359999999999516e-04 4.642460000000000336e-02 -6.255937976417008434e-05 -4.476292856922583769e-04 2.320981486690545589e-02 9.997305137926872920e-01
0.000000000000000000e+00 0.000000000000000000e+00 0.000000000000000000e+00 0.000000000000000000e+00 0.000000000000000000e+00 0.000000000000000000e+00 0.000000000000000000e+00 1.000000000000000000e+00
1.458399999999999919e+00 -2.983330000000000183e-03 -1.011629999999999995e-02 6.582900000000000418e-01 -1.421100610118489161e-03 -5.636253173899121588e-03 3.232222063935289991e-01 9.463052458997120997e-01
4.166250000000000231e-01 -6.702150000000000468e-04 -2.976089999999999812e-03 1.852169999999999928e-01 -3.072902062957158552e-04 -1.534658596810848296e-03 9.247514957765087806e-02 9.957137626377932094e-01
2.812759999999999927e+00 -5.066730000000000192e-03 -1.953989999999999894e-02 1.290149999999999908e+00 -3.209801422607525337e-03 -8.479359990737152589e-03 6.012526084589332465e-01 7.990075709593141839e-01
1.666749999999999954e+00 -3.333899999999999884e-03 -1.143240000000000055e-02 7.538599999999999746e-01 -1.541904772370866891e-03 -5.534018717991573237e-03 3.680669765850829167e-01 9.297815323580146396e-01
5.207549999999999679e-01 -6.487520000000000526e-04 -3.638590000000000140e-03 2.320659999999999945e-01 -2.850866116189261740e-04 -1.921340733846414305e-03 1.157712406963327945e-01 9.932740039903592555e-01
1.041630000000000056e+00 -2.411350000000000039e-03 -7.030970000000000102e-03 4.671680000000000277e-01 -1.109756134395209308e-03 -3.318388003909200894e-03 2.314681079947797093e-01 9.728361998423448176e-01
9.375059999999999505e-01 -2.012809999999999860e-03 -6.288720000000000247e-03 4.200289999999999857e-01 -9.134587706075399322e-04 -3.070024930982599796e-03 2.084746964698577509e-01 9.780225158306929956e-01
7.291279999999999983e-01 -1.377090000000000085e-03 -4.836410000000000188e-03 3.259449999999999847e-01 -6.506551197893940992e-04 -2.676586957555778922e-03 1.622478771766257266e-01 9.867461876702905421e-01
2.500259999999999927e+00 -4.823730000000000032e-03 -1.662370000000000167e-02 1.143489999999999895e+00 -2.981159065273465605e-03 -7.385148027200170301e-03 5.410980181395139699e-01 8.409218198172372372e-01
1.250000000000000000e+00 -3.077600000000000214e-03 -8.728510000000000088e-03 5.622430000000000483e-01 -1.445651208285996143e-03 -4.250266363394831527e-03 2.774337773714372624e-01 9.607342736167165942e-01
6.873639999999999972e+00 -1.701719999999999969e-02 -4.868179999999999730e-02 3.224740000000000162e+00 -2.581401142210578911e-03 -1.789898886244215698e-02 9.989635490545081264e-01 -4.177068620775219177e-02
4.270629999999999704e+00 -8.540320000000000550e-03 -3.066549999999999832e-02 1.990510000000000002e+00 -1.404517566461555055e-03 -1.404888423999169252e-02 8.388502500535773843e-01 5.441791195618105315e-01
3.021009999999999973e+00 -5.737489999999999604e-03 -2.125979999999999884e-02 1.389000000000000012e+00 -3.539267433965024526e-03 -9.788176923874651256e-03 6.399834241281057157e-01 7.683182166393056622e-01
2.291879999999999917e+00 -4.323220000000000014e-03 -1.508969999999999929e-02 1.045760000000000023e+00 -2.408668658545963948e-03 -7.576730854683404182e-03 4.993628535039593697e-01 8.663564693619089097e-01
2.083499999999999908e+00 -4.322659999999999871e-03 -1.433989999999999918e-02 9.477320000000000189e-01 -2.479798979258226663e-03 -8.278290691382667044e-03 4.563012318380102461e-01 8.897834041627017410e-01
1.875129999999999963e+00 -4.247240000000000217e-03 -1.288800000000000015e-02 8.499870000000000481e-01 -2.310173827850455722e-03 -6.273053829693498590e-03 4.123101907190069304e-01 9.110190000882478767e-01
5.520240000000000258e+00 -1.443829999999999940e-02 -3.963409999999999850e-02 2.591330000000000133e+00 -5.318791706286643550e-03 -1.709580850332918095e-02 9.622703023948961931e-01 2.715056333029534641e-01
3.645880000000000010e+00 -6.290089999999999917e-03 -2.603600000000000012e-02 1.688369999999999926e+00 -2.910105415445436369e-03 -1.133032501468460990e-02 7.474103883310034835e-01 6.642596378197542784e-01
5.103760000000000296e+00 -1.182519999999999925e-02 -3.630739999999999662e-02 2.391820000000000057e+00 -3.321227195787034969e-03 -1.507565651244072331e-02 9.304759622700916610e-01 3.660275640825151888e-01
3.437629999999999963e+00 -6.489179999999999775e-03 -2.440610000000000002e-02 1.588880000000000070e+00 -3.714527031372916004e-03 -1.091187807630659111e-02 7.134473632510979213e-01 7.006140114755320392e-01
4.687260000000000204e+00 -1.027280000000000033e-02 -3.341290000000000232e-02 2.190939999999999888e+00 -2.080530378169049600e-03 -1.518388837759080713e-02 8.890743760828700992e-01 4.575061471936063828e-01
4.895500000000000185e+00 -1.116980000000000056e-02 -3.505520000000000164e-02 2.291809999999999903e+00 -2.651444817559201958e-03 -1.523419930445911626e-02 9.110141578702816156e-01 4.120850557492142241e-01
3.229379999999999917e+00 -6.138880000000000205e-03 -2.269080000000000055e-02 1.488660000000000094e+00 -3.764733026994538257e-03 -1.028020841365236138e-02 6.774621757194719818e-01 7.354761346023722668e-01
4.478880000000000194e+00 -9.742839999999999140e-03 -3.212000000000000272e-02 2.090809999999999835e+00 -1.667706068680856494e-03 -1.438187848235905446e-02 8.650749930128679432e-01 5.014335816352686326e-01
4.062380000000000102e+00 -7.778860000000000288e-03 -2.918509999999999854e-02 1.889340000000000019e+00 -1.787849404288230490e-03 -1.316651932837088410e-02 8.102661473334971109e-01 5.859114411313492976e-01
3.854130000000000056e+00 -6.907230000000000314e-03 -2.768719999999999862e-02 1.789349999999999996e+00 -2.360224598715605047e-03 -1.219831515077332389e-02 7.799778165906563476e-01 6.256838147769197001e-01
5.936759999999999593e+00 -1.578390000000000001e-02 -4.259280000000000010e-02 2.788580000000000059e+00 -6.348345283500169550e-03 -1.713641278271524002e-02 9.843269252358779475e-01 1.754039512804205503e-01
6.457259999999999778e+00 -1.552459999999999951e-02 -4.589250000000000274e-02 3.032989999999999853e+00 -4.395714493848792807e-03 -1.675808955204694667e-02 9.983862089568108500e-01 5.408162251173079943e-02
6.665510000000000268e+00 -1.626290000000000027e-02 -4.741120000000000057e-02 3.129309999999999814e+00 -3.519997877937281004e-03 -1.769565123020765129e-02 9.998195991231683122e-01 5.936560592224849470e-03
5.728629999999999889e+00 -1.540889999999999968e-02 -4.078760000000000024e-02 2.690370000000000150e+00 -6.160023796994679168e-03 -1.678911855982820334e-02 9.745329205384748450e-01 2.235302359672066697e-01
5.312000000000000277e+00 -1.299520000000000015e-02 -3.779880000000000045e-02 2.491309999999999913e+00 -4.235717710089228691e-03 -1.663548388420307486e-02 9.475026067546861164e-01 3.192869079127634291e-01
6.249010000000000176e+00 -1.471070000000000016e-02 -4.451360000000000039e-02 2.935239999999999849e+00 -5.011768791093980900e-03 -1.679808278858768711e-02 9.945469058797516970e-01 1.028064131911260587e-01
7.290009999999999657e+00 -1.890129999999999935e-02 -5.148819999999999786e-02 3.414190000000000058e+00 -2.405057891009223375e-03 -1.672370151699630048e-02 9.905512553800068787e-01 -1.360982878996043199e-01
7.081879999999999953e+00 -1.805570000000000092e-02 -5.006540000000000296e-02 3.320009999999999906e+00 -2.452247575163735063e-03 -1.730702385235481644e-02 9.958509068529540764e-01 -8.930523348243921133e-02
9.164009999999999323e+00 -2.572560000000000124e-02 -6.317839999999999567e-02 4.245960000000000178e+00 -7.033822213472635740e-03 -1.390287002742990503e-02 8.510938509274111885e-01 -5.247823286502881768e-01
9.372260000000000701e+00 -2.586930000000000132e-02 -6.457949999999999802e-02 4.337399999999999700e+00 -7.761153319447842112e-03 -1.323214711297254244e-02 8.262153099286628777e-01 -5.631455730283388972e-01
1.082990000000000030e+01 -2.260329999999999978e-02 -7.427419999999999856e-02 4.983349999999999724e+00 4.521554640806577617e-03 9.905717063023363952e-03 -6.047769418667467978e-01 7.963204649507654720e-01
7.498260000000000147e+00 -2.014869999999999856e-02 -5.295300000000000007e-02 3.506969999999999921e+00 -2.850086860510987058e-03 -1.643894642216884097e-02 9.831749750378017128e-01 -1.819027391350513390e-01
8.122759999999999536e+00 -2.295120000000000146e-02 -5.714989999999999654e-02 3.784959999999999880e+00 -3.236604263766597669e-03 -1.547358260357986626e-02 9.484927484670281350e-01 -3.164041699151782794e-01
8.955759999999999721e+00 -2.576660000000000061e-02 -6.228779999999999734e-02 4.153640000000000221e+00 -6.584770586932573062e-03 -1.463584333813966291e-02 8.743982679778560252e-01 -4.849434006597309055e-01
7.706380000000000230e+00 -2.137709999999999957e-02 -5.439850000000000241e-02 3.600159999999999805e+00 -3.310913544890690258e-03 -1.771412442570510434e-02 9.736073587104622229e-01 -2.275169415937332296e-01
8.539279999999999760e+00 -2.442839999999999942e-02 -5.978499999999999787e-02 3.969409999999999883e+00 -4.638008886476234320e-03 -1.450704852831833508e-02 9.153225788979326705e-01 -4.024333621560266527e-01
7.914629999999999832e+00 -2.229609999999999925e-02 -5.574069999999999719e-02 3.692600000000000104e+00 -3.357498643684782985e-03 -1.572209499208518033e-02 9.620865673654048766e-01 -2.722700494490163936e-01
1.062160000000000082e+01 -2.280410000000000076e-02 -7.317830000000000168e-02 4.891399999999999970e+00 5.616377597793259860e-03 1.081880763692618340e-02 -6.407187729716228297e-01 7.676788805651307834e-01
8.331009999999999138e+00 -2.410669999999999827e-02 -5.840050000000000102e-02 3.877159999999999940e+00 -4.199611614251077749e-03 -1.635056424022571231e-02 9.328794179442716494e-01 -3.597930153397540520e-01
9.997009999999999508e+00 -2.478270000000000126e-02 -6.865350000000000619e-02 4.614010000000000389e+00 -8.455725147660131391e-03 -1.187522426308308503e-02 7.406702027558196288e-01 -6.717106002666488607e-01
9.788779999999999148e+00 -2.576350000000000168e-02 -6.706099999999999561e-02 4.521720000000000184e+00 -8.686648483528958131e-03 -1.184449979434874442e-02 7.708775036906674316e-01 -6.368140421397679996e-01
1.155879999999999974e+01 -2.170619999999999841e-02 -7.938019999999999798e-02 5.305959999999999788e+00 1.824175554113538836e-03 6.347233104410355230e-03 -4.690740927861915543e-01 8.831341237276914002e-01
1.103810000000000002e+01 -2.251039999999999985e-02 -7.584970000000000601e-02 5.076030000000000264e+00 3.553363125412223062e-03 8.657942028352573829e-03 -5.672629751049244051e-01 8.234835339734745130e-01
1.041339999999999932e+01 -2.366880000000000026e-02 -7.135740000000000138e-02 4.799170000000000158e+00 6.867927144320838499e-03 1.085662615149473806e-02 -6.754191918697173280e-01 7.373221009161498030e-01
1.280860000000000021e+01 -2.197220000000000076e-02 -8.894639999999999491e-02 5.862199999999999633e+00 1.453714466730138309e-03 3.221706536679958682e-03 -2.085539173467888530e-01 9.780044840799808625e-01
9.580510000000000304e+00 -2.629280000000000159e-02 -6.577909999999999313e-02 4.429319999999999702e+00 -8.497498030909053993e-03 -1.194026900596986338e-02 7.994727441974033288e-01 -6.005235663891578257e-01
8.747510000000000119e+00 -2.508329999999999935e-02 -6.101940000000000142e-02 4.061399999999999899e+00 -5.565643638533796476e-03 -1.313153972011420721e-02 8.958630463860943749e-01 -4.441013267209345527e-01
1.489140000000000086e+01 -2.474459999999999854e-02 -1.067150000000000043e-01 6.815349999999999575e+00 -1.061214967038916169e-03 -4.420672863350358708e-03 2.633415914529188551e-01 9.646919392662473003e-01
1.437079999999999913e+01 -2.421529999999999863e-02 -1.028239999999999987e-01 6.571329999999999671e+00 -5.001086943557309832e-04 -2.168405500370573953e-03 1.439753122728403001e-01 9.895787777457729639e-01
1.020529999999999937e+01 -2.404359999999999831e-02 -7.008670000000000178e-02 4.706610000000000404e+00 -7.859413061922356988e-03 -1.162259562798579650e-02 7.087923812953226266e-01 -7.052776085449590227e-01
1.249629999999999974e+01 -2.170789999999999872e-02 -8.657099999999999518e-02 5.723220000000000418e+00 1.803793336952566042e-03 4.168533873375413965e-03 -2.759627421603609299e-01 9.611576013299163446e-01
1.562040000000000006e+01 -2.672650000000000026e-02 -1.127120000000000066e-01 7.159740000000000215e+00 -2.497787218022278193e-03 -6.453409954580642191e-03 4.247494769684931892e-01 9.052844836701682274e-01
1.135050000000000026e+01 -2.158759999999999846e-02 -7.780499999999999916e-02 5.213930000000000398e+00 2.179067202550042520e-03 8.538949206396553165e-03 -5.091729932914158541e-01 8.606190800320645540e-01
1.343350000000000044e+01 -2.201410000000000172e-02 -9.406009999999999371e-02 6.142699999999999605e+00 4.456516880315259917e-04 1.051281837335699522e-03 -6.979047023112849857e-02 9.975610189186370214e-01
1.312110000000000021e+01 -2.166490000000000082e-02 -9.150519999999999488e-02 6.002069999999999794e+00 8.500285816272926207e-04 1.709891415992544073e-03 -1.397106315714623237e-01 9.901905337603762458e-01
1.218379999999999974e+01 -2.112160000000000079e-02 -8.438299999999999967e-02 5.584179999999999922e+00 1.700285066475786628e-03 5.569538362066620354e-03 -3.420619537498871265e-01 9.396593579962562170e-01
1.676569999999999894e+01 -2.816600000000000006e-02 -1.227560000000000040e-01 7.709900000000000198e+00 -2.183180883016173045e-03 -9.180305120691057558e-03 6.546978246852250827e-01 7.558318027653754267e-01
1.614089999999999847e+01 -2.716230000000000033e-02 -1.169739999999999946e-01 7.408500000000000085e+00 -2.300707708849312506e-03 -8.062174819456738653e-03 5.337817108476864414e-01 8.455807431852594425e-01
1.374590000000000067e+01 -2.203580000000000122e-02 -9.648850000000000482e-02 6.285540000000000127e+00 -6.308530886994171307e-06 -2.096279026205079561e-05 1.568346234201803326e-03 9.999987699046702927e-01
1.187129999999999974e+01 -2.213450000000000140e-02 -8.246670000000000389e-02 5.445170000000000066e+00 2.048134902119020176e-03 5.884739178242268109e-03 -4.065005128052985306e-01 9.136293056142935631e-01
1.541210000000000058e+01 -2.634919999999999971e-02 -1.111690000000000039e-01 7.060909999999999798e+00 -2.148732820499414924e-03 -5.305959851710225633e-03 3.795244876406539958e-01 9.251639816910390834e-01
1.780659999999999954e+01 -3.139410000000000117e-02 -1.331970000000000098e-01 8.221709999999999852e+00 -2.581642924909509102e-03 -1.156483348796688571e-02 8.247054211129840606e-01 5.654383769546063032e-01
1.801480000000000103e+01 -3.229690000000000338e-02 -1.350280000000000091e-01 8.325269999999999726e+00 -3.288792557838807282e-03 -1.308020493363164054e-02 8.528496037373229921e-01 5.219824187532534632e-01
1.718199999999999861e+01 -2.955390000000000100e-02 -1.265259999999999996e-01 7.914039999999999964e+00 -2.040988485529169911e-03 -9.963791669200619885e-03 7.283148611308565279e-01 6.851671476928209437e-01
1.593270000000000053e+01 -2.664599999999999955e-02 -1.153750000000000053e-01 7.308449999999999669e+00 -2.173767235147947181e-03 -7.185627193920317290e-03 4.908314933232986177e-01 8.712221798484345303e-01
1.759840000000000160e+01 -3.084699999999999942e-02 -1.308690000000000131e-01 8.119659999999999656e+00 -2.355097787718463814e-03 -1.134402901006696142e-02 7.947857958784843024e-01 6.067794535002263290e-01
1.457900000000000063e+01 -2.467130000000000017e-02 -1.045129999999999948e-01 6.669130000000000003e+00 -6.809056156676221222e-04 -2.994933491085914525e-03 1.921800859415351281e-01 9.813548702219960784e-01
1.697380000000000067e+01 -2.845050000000000009e-02 -1.248620000000000008e-01 7.812030000000000030e+00 -1.889849684789485186e-03 -9.615657585483688985e-03 6.924305154033092435e-01 7.214180126221378941e-01
1.509960000000000058e+01 -2.455190000000000150e-02 -1.082579999999999931e-01 6.913149999999999906e+00 -1.271983189233350528e-03 -4.523170246690353009e-03 3.101886409738424666e-01 9.506634157263476048e-01
1.405840000000000067e+01 -2.280110000000000123e-02 -1.004030000000000061e-01 6.429120000000000168e+00 -2.042368973671100370e-04 -8.702186988727655080e-04 7.331496724809399845e-02 9.973084360337662879e-01
1.634909999999999997e+01 -2.761639999999999928e-02 -1.189729999999999954e-01 7.508670000000000400e+00 -2.349287747140976507e-03 -8.292748862087404027e-03 5.754542964533042593e-01 8.177885202525309039e-01
1.822299999999999898e+01 -3.307609999999999717e-02 -1.369849999999999957e-01 8.428209999999999980e+00 -4.060374978842202880e-03 -1.298589474105875212e-02 8.785805895007446908e-01 4.774002803155116825e-01
1.655740000000000123e+01 -2.796900000000000081e-02 -1.209689999999999932e-01 7.608620000000000161e+00 -2.318404177522430821e-03 -8.785013826593418215e-03 6.155917373073749310e-01 7.880128561724257796e-01
1.739029999999999987e+01 -3.023129999999999915e-02 -1.287590000000000123e-01 8.016920000000000712e+00 -2.251211998001593616e-03 -1.051370933876033358e-02 7.625842127228620315e-01 6.467995921970984829e-01
1.926379999999999981e+01 -3.531310000000000004e-02 -1.470720000000000083e-01 8.949089999999999989e+00 -4.580683768796530234e-03 -1.556187288299015412e-02 9.718641944587373960e-01 2.349826227142199631e-01
1.863939999999999841e+01 -3.350279999999999925e-02 -1.413880000000000137e-01 8.636089999999999378e+00 -4.177828841126056576e-03 -1.415924850503683108e-02 9.233657038886976531e-01 3.836376393291942577e-01
1.967989999999999995e+01 -3.581820000000000143e-02 -1.505620000000000014e-01 9.158960000000000434e+00 -4.633800878823196925e-03 -1.626031166752728643e-02 9.911224891426627659e-01 1.318724446938885075e-01
1.947180000000000177e+01 -3.555930000000000202e-02 -1.487759999999999916e-01 9.053950000000000387e+00 -4.509456115362075156e-03 -1.569315434936879167e-02 9.828439569413627286e-01 1.837148497426251414e-01
1.843110000000000070e+01 -3.324799999999999978e-02 -1.391850000000000032e-01 8.531760000000000232e+00 -4.377801810804037366e-03 -1.309361790360686478e-02 9.021153391989135129e-01 4.312740506957601361e-01
1.884750000000000014e+01 -3.387380000000000252e-02 -1.433319999999999872e-01 8.740019999999999456e+00 -4.159120432184878688e-03 -1.458121599443434543e-02 9.420449383468268989e-01 3.351438855066240508e-01
1.905559999999999832e+01 -3.458169999999999994e-02 -1.449789999999999968e-01 8.843769999999999243e+00 -4.355299122650936258e-03 -1.480112002617122412e-02 9.581551895609239367e-01 2.858331522636816113e-01
2.009619999999999962e+01 -3.608770000000000033e-02 -1.537749999999999950e-01 9.367770000000000152e+00 -5.364165137441953383e-03 -1.612570876890284666e-02 9.994681049601673584e-01 2.783333282973026249e-02
1.988810000000000144e+01 -3.585039999999999755e-02 -1.518829999999999902e-01 9.263960000000000861e+00 -4.800536243781350354e-03 -1.652760030358369284e-02 9.966727932793431055e-01 7.966891750694923835e-02
2.176099999999999923e+01 -3.268870000000000109e-02 -1.703540000000000054e-01 1.020529999999999937e+01 -5.830177292891585740e-03 -1.253637164238688602e-02 9.244129365531911224e-01 -3.811424551947518724e-01
2.280140000000000100e+01 -3.219539999999999902e-02 -1.815269999999999939e-01 1.073339999999999961e+01 -4.219818320668200506e-03 -9.978541432053072632e-03 7.929056796214065672e-01 -6.092480652971700161e-01
2.072040000000000148e+01 -3.643430000000000279e-02 -1.594049999999999911e-01 9.682180000000000675e+00 -8.176388663175300844e-03 -1.479920767021859068e-02 9.914940734892105922e-01 -1.290489533337425831e-01
2.051229999999999976e+01 -3.662760000000000321e-02 -1.575950000000000129e-01 9.577109999999999346e+00 -7.368230942348956598e-03 -1.564964219836395554e-02 9.968975304120115677e-01 -7.678614282717817485e-02
2.030430000000000135e+01 -3.645190000000000236e-02 -1.556970000000000021e-01 9.472640000000000171e+00 -6.335918752875661399e-03 -1.599557083157907011e-02 9.995490689184888256e-01 -2.461009287895948860e-02
2.092869999999999919e+01 -3.585019999999999873e-02 -1.616670000000000051e-01 9.786350000000000549e+00 -8.792889077112790025e-03 -1.552413379440996735e-02 9.834101880280730068e-01 -1.805161722788315715e-01
2.134489999999999910e+01 -3.368120000000000142e-02 -1.662009999999999876e-01 9.995039999999999480e+00 -7.670981578445982413e-03 -1.332007772511860887e-02 9.592928277231624890e-01 -2.819946847901904086e-01
2.155290000000000106e+01 -3.311959999999999904e-02 -1.682649999999999979e-01 1.009960000000000058e+01 -6.672705064456016175e-03 -1.264279303478181918e-02 9.432480860668243094e-01 -3.317810768001623334e-01
2.259329999999999927e+01 -3.227979999999999738e-02 -1.791669999999999929e-01 1.062659999999999982e+01 -5.305282925368446506e-03 -1.114437265273562558e-02 8.242500095200386845e-01 -5.660914932565889179e-01
2.113680000000000092e+01 -3.441770000000000246e-02 -1.639390000000000014e-01 9.890190000000000481e+00 -8.457495776422950876e-03 -1.445488128717080205e-02 9.727324970406263649e-01 -2.313244828661103480e-01
2.633920000000000172e+01 -3.714800000000000046e-02 -2.191349999999999965e-01 1.255419999999999980e+01 4.871906007502555847e-06 8.027315891547323742e-05 -5.106132648934491418e-03 9.999869603859121714e-01
2.613090000000000046e+01 -3.660390000000000171e-02 -2.167419999999999902e-01 1.244800000000000040e+01 5.596229242244613836e-05 8.277350826175993012e-04 -5.816338746320674769e-02 9.983067324633544404e-01
2.342539999999999978e+01 -3.273240000000000177e-02 -1.877310000000000090e-01 1.105680000000000085e+01 3.289692331018845457e-03 1.079372652530279086e-02 -6.844189234199256067e-01 7.290016533978330715e-01
2.238530000000000086e+01 -3.274579999999999852e-02 -1.769090000000000107e-01 1.052089999999999925e+01 -5.284260597965210159e-03 -1.278005532765320168e-02 8.530117370283074596e-01 -5.217084657811337234e-01
2.217719999999999914e+01 -3.301889999999999686e-02 -1.750109999999999999e-01 1.041610000000000014e+01 -4.933100803822769789e-03 -1.335356381635341427e-02 8.791667305911188279e-01 -4.763015921363113470e-01
2.363350000000000151e+01 -3.278380000000000183e-02 -1.901639999999999997e-01 1.116450000000000031e+01 3.359856182001279973e-03 1.024409093835094466e-02 -6.442067483598606925e-01 7.647754149650066724e-01
2.321740000000000137e+01 -3.250150000000000261e-02 -1.856029999999999902e-01 1.094909999999999961e+01 -3.188717302505877753e-03 -1.178629117298809342e-02 7.226681187807991735e-01 -6.910873356676209278e-01
2.300939999999999941e+01 -3.230009999999999826e-02 -1.837070000000000092e-01 1.084089999999999954e+01 -3.063679124035223640e-03 -1.101514747407071268e-02 7.590079658730912726e-01 -6.509809429910692335e-01
2.529830000000000112e+01 -3.344679999999999875e-02 -2.079239999999999977e-01 1.202100000000000080e+01 2.695824979649987527e-04 4.416265999609152344e-03 -2.683991589121302868e-01 9.632976255629195350e-01
2.550649999999999906e+01 -3.427680000000000310e-02 -2.097600000000000020e-01 1.212850000000000072e+01 1.630615464786987082e-04 3.418119203093014907e-03 -2.162267829513538075e-01 9.763371693255120665e-01
2.425779999999999959e+01 -3.251509999999999817e-02 -1.967969999999999997e-01 1.148750000000000071e+01 3.215960179760492428e-03 8.225199337092795396e-03 -5.128016146098796080e-01 8.584617101242709714e-01
2.196910000000000096e+01 -3.245529999999999943e-02 -1.727370000000000017e-01 1.031160000000000032e+01 -4.803474410882479367e-03 -1.295025876999046296e-02 9.028644194083161878e-01 -4.297034530904523253e-01
2.467389999999999972e+01 -3.186660000000000187e-02 -2.015840000000000132e-01 1.170190000000000019e+01 1.915872938108925715e-03 6.568065209189835260e-03 -4.180431307182232437e-01 9.084014150195932613e-01
2.384169999999999945e+01 -3.306980000000000336e-02 -1.924470000000000069e-01 1.127239999999999931e+01 3.535557613954447547e-03 9.223161265468012709e-03 -6.020573830549209582e-01 7.983917212983170364e-01
2.810889999999999844e+01 -4.385349999999999665e-02 -2.382340000000000013e-01 1.347059999999999924e+01 -1.613618618011820362e-03 -6.703789940878197330e-03 4.377905016121984016e-01 8.990505726228774641e-01
2.758840000000000003e+01 -4.251579999999999943e-02 -2.326819999999999999e-01 1.320030000000000037e+01 -8.729942633913627403e-04 -4.679290936845219469e-03 3.126593225970058509e-01 9.498534045369979584e-01
2.488200000000000145e+01 -3.211649999999999922e-02 -2.036499999999999977e-01 1.180940000000000012e+01 1.225682355327272670e-03 6.089611321080566630e-03 -3.686355429494883595e-01 9.295532533486491333e-01
2.509019999999999939e+01 -3.260400000000000104e-02 -2.058889999999999887e-01 1.191499999999999915e+01 4.995529532779619973e-04 5.267778755347998429e-03 -3.190907644918833941e-01 9.477093884571456961e-01
2.446580000000000155e+01 -3.214890000000000109e-02 -1.991660000000000097e-01 1.159469999999999956e+01 2.602563776804148795e-03 6.401652605360464744e-03 -4.660669344869696751e-01 8.847224751771748386e-01
2.404960000000000164e+01 -3.276130000000000014e-02 -1.946970000000000089e-01 1.138020000000000032e+01 3.530339355944186411e-03 9.366437657490768454e-03 -5.581148011666460240e-01 8.297033658292314318e-01
2.779650000000000176e+01 -4.268160000000000009e-02 -2.348230000000000040e-01 1.330879999999999974e+01 -1.021263731465641648e-03 -5.583049765693282734e-03 3.636912381384432291e-01 9.315022650949544847e-01
2.571460000000000079e+01 -3.502969999999999695e-02 -2.118079999999999963e-01 1.223540000000000028e+01 1.308148921034722419e-04 2.523142812907710249e-03 -1.637963881440994973e-01 9.864909324817725533e-01
2.800519999999999854e+01 -4.366899999999999948e-02 -2.372889999999999999e-01 1.341639999999999944e+01 -1.478570952281415846e-03 -6.371856416151284834e-03 4.132753895120886978e-01 9.105825968562007988e-01
2.654779999999999873e+01 -3.809900000000000092e-02 -2.213739999999999875e-01 1.266019999999999968e+01 -5.933944075414399982e-05 -7.175862853946213303e-04 4.790593282321482099e-02 9.988515921542555631e-01
2.592279999999999873e+01 -3.629029999999999756e-02 -2.142020000000000035e-01 1.234179999999999922e+01 1.273320147684720016e-04 1.681680081391480211e-03 -1.110814980228098658e-01 9.938098694094712471e-01
2.717190000000000083e+01 -4.085339999999999805e-02 -2.283380000000000132e-01 1.298240000000000016e+01 -4.217642339966246848e-04 -3.234469180818528786e-03 2.074726604779189298e-01 9.782353783616004606e-01
2.696369999999999933e+01 -4.015080000000000038e-02 -2.258930000000000105e-01 1.287410000000000032e+01 -2.974519494700215484e-04 -2.396653782184498920e-03 1.542169088301395818e-01 9.880340644956845386e-01
2.790070000000000050e+01 -4.324059999999999709e-02 -2.359100000000000086e-01 1.336270000000000024e+01 -1.212255527092176302e-03 -6.003339550997464566e-03 3.886738003521701401e-01 9.213550712242125629e-01
2.769249999999999901e+01 -4.271350000000000147e-02 -2.335089999999999943e-01 1.325459999999999994e+01 -9.888401891606113814e-04 -4.982498011459196574e-03 3.383107395436562026e-01 9.410207438829765181e-01
2.738009999999999877e+01 -4.150870000000000254e-02 -2.303360000000000130e-01 1.309140000000000015e+01 -5.756475418771731098e-04 -4.101764587343808936e-03 2.605172116405651828e-01 9.654603184990061537e-01
2.675789999999999935e+01 -3.919269999999999698e-02 -2.235830000000000040e-01 1.276650000000000063e+01 -1.536966551732671339e-04 -1.607532756344097653e-03 1.008972648284939128e-01 9.948955393235533462e-01
