# nMapPoints : 20
0 1 1 1
1 1 1 -1
2 1 -1 1
3 1 -1 -1
4 -1 -1 -1
5 -1 -1 1
6 -1 1 -1
7 -1 1 1
8 0 1.618 0.6180
9 0 1.618 -0.6180
10 0 -1.618 0.6180
11 0 -1.618 -0.6180
12 0.6180 0 1.618
13 0.6180 0 -1.618
14 -0.6180 0 1.618
15 -0.6180 0 -1.618
16 1.618 0.6180 0
17 1.618 -0.6180 0
18 -1.618 0.6180 0
19 -1.618 -0.6180 0
# nKeyFrames : 2 (id, timestamp, t, q, fx, fy, cx, cy)
0 1 0 0 -3.92344149 0 0 0 1 665.107 665.107 511.5 383.5
1 2 1.09697793e+00 -3.97957445e-02 -4.15753000e+00 -2.90124428e-03 -1.28677354e-01 -1.36043393e-02 9.91588949e-01 665.107 665.107 511.5 383.5
# Measurement
0 0 646.5899592200594 518.5899592200594 1
0 1 739.0084048651333 611.0084048651333 1
0 2 646.5899592200594 248.4100407799405 1
0 3 739.0084048651333 155.99159513486654 1
0 4 283.99159513486654 155.99159513486654 1
0 5 376.4100407799405 248.4100407799405 1
0 6 283.99159513486654 611.0084048651333 1
0 7 376.4100407799405 518.5899592200594 1
0 8 511.50000000000006 620.4608754669289 1
0 9 511.50000000000006 709.0673877779741 1
0 10 511.50000000000006 146.53912453307103 1
0 11 511.50000000000006 57.932612222025945 1
0 12 585.6750033790911 383.50000000000006 1
0 13 689.7896868251406 383.5 1
0 14 437.324996620909 383.50000000000006 1
0 15 333.21031317485944 383.5 1
0 16 785.7857142371287 488.2642592080009 1
0 17 785.7857142371287 278.73574079199904 1
0 18 237.2142857628713 488.2642592080009 1
0 19 237.2142857628713 278.73574079199904 1
1 0 669.8683532444968 519.2879929523468 1
1 1 659.0755773935493 605.310209578678 1
1 2 677.4299916989127 253.98335308830488 1
1 3 671.3369651346587 173.34688722998746 1
1 4 289.32292995410444 193.00121786649643 1
1 5 428.8536363184086 259.2802098904018 1
1 6 280.76605489069635 563.5993695792486 1
1 7 422.8213452731394 500.0944017480969 1
1 8 527.1120554744151 602.2892050835976 1
1 9 475.68094745877625 673.1214624192002 1
1 10 538.7717230015412 162.98952476318448 1
1 11 490.70158271912555 92.02850277551654 1
1 12 629.2519186988347 385.07227106416525 1
1 13 559.0441023442141 388.86110185858746 1
1 14 491.1470795881588 381.20499233201144 1
1 15 279.2439717352304 380.3988239278494 1
1 16 775.9076155523277 496.7085156809587 1
1 17 782.2428117207439 285.3321143949298 1
1 18 288.782293922624 464.25459567502276 1
1 19 292.8225997920737 289.871290256536 1