# nMapPoints : 20
0 1 1 1
1 1 1 -1
2 1 -1 1
3 1 -1 -1
4 -1 -1 -1
5 -1 -1 1
6 -1 1 -1
7 -1 1 1
8 0 1.618 0.6180
9 0 1.618 -0.6180
10 0 -1.618 0.6180
11 0 -1.618 -0.6180
12 0.6180 0 1.618
13 0.6180 0 -1.618
14 -0.6180 0 1.618
15 -0.6180 0 -1.618
16 1.618 0.6180 0
17 1.618 -0.6180 0
18 -1.618 0.6180 0
19 -1.618 -0.6180 0
# nKeyFrames : 3 (id, timestamp, t, q, fx, fy, cx, cy)
0 1 0 0 -3.92344149 0 0 0 1 665.107 665.107 511.5 383.5
1 2 1.09697793e+00 -3.97957445e-02 -4.15753000e+00 -2.90124428e-03 -1.28677354e-01 -1.36043393e-02 9.91588949e-01 665.107 665.107 511.5 383.5
2 3 1.90404592e+00 -3.86938777e-02 -3.85527067e+00 -3.85921466e-03 -2.27371545e-01 -3.25988131e-03 9.73794978e-01 665.107 665.107 511.5 383.5
# Measurement
0 0 646.5899592200594 518.5899592200594 1
0 1 739.0084048651333 611.0084048651333 1
0 2 646.5899592200594 248.4100407799405 1
0 3 739.0084048651333 155.99159513486654 1
0 4 283.99159513486654 155.99159513486654 1
0 5 376.4100407799405 248.4100407799405 1
0 6 283.99159513486654 611.0084048651333 1
0 7 376.4100407799405 518.5899592200594 1
0 8 511.50000000000006 620.4608754669289 1
0 9 511.50000000000006 709.0673877779741 1
0 10 511.50000000000006 146.53912453307103 1
0 11 511.50000000000006 57.932612222025945 1
0 12 585.6750033790911 383.50000000000006 1
0 13 689.7896868251406 383.5 1
0 14 437.324996620909 383.50000000000006 1
0 15 333.21031317485944 383.5 1
0 16 785.7857142371287 488.2642592080009 1
0 17 785.7857142371287 278.73574079199904 1
0 18 237.2142857628713 488.2642592080009 1
0 19 237.2142857628713 278.73574079199904 1
1 0 669.8683532444968 519.2879929523468 1
1 1 659.0755773935493 605.310209578678 1
1 2 677.4299916989127 253.98335308830488 1
1 3 671.3369651346587 173.34688722998746 1
1 4 289.32292995410444 193.00121786649643 1
1 5 428.8536363184086 259.2802098904018 1
1 6 280.76605489069635 563.5993695792486 1
1 7 422.8213452731394 500.0944017480969 1
1 8 527.1120554744151 602.2892050835976 1
1 9 475.68094745877625 673.1214624192002 1
1 10 538.7717230015412 162.98952476318448 1
1 11 490.70158271912555 92.02850277551654 1
1 12 629.2519186988347 385.07227106416525 1
1 13 559.0441023442141 388.86110185858746 1
1 14 491.1470795881588 381.20499233201144 1
1 15 279.2439717352304 380.3988239278494 1
1 16 775.9076155523277 496.7085156809587 1
1 17 782.2428117207439 285.3321143949298 1
1 18 288.782293922624 464.25459567502276 1
1 19 292.8225997920737 289.871290256536 1
2 0 672.6641445675824 452.4803743548269 1
2 1 598.4714505798108 527.8687989546581 1
2 2 674.3889738519862 210.5625121244819 1
2 3 600.7917547824686 139.44250082346778 1
2 4 311.4628916585031 181.33903015808127 1
2 5 465.6287607831439 227.9294594200221 1
2 6 311.0262551357096 480.3424324590292 1
2 7 464.83952861902884 431.8619367281934 1
2 8 542.9470064304714 522.1536232289251 1
2 9 468.51267464643223 579.4773127150563 1
2 10 544.9026346137045 138.813074238011 1
2 11 470.46821665899205 82.73679327621961 1
2 12 644.9049586284402 331.00082323176457 1
2 13 475.2328752204372 334.7976855809912 1
2 14 527.0059960383765 330.09007572655787 1
2 15 277.53864457749546 332.3754402721796 1
2 16 743.4692485447865 432.61064732660174 1
2 17 745.102898693902 234.28968998677604 1
2 18 345.06717007987163 400.75850271281837 1
2 19 345.3493662033777 259.0783396191926 1