8 0.833252 -0.00161898 -0.00556275 0.373255 0.00149546 0.0058768 -0.37325 707.091 707.091 601.887 183.11
6 0.625004 -0.00110914 -0.00432017 0.278832 0.00108284 0.00475695 -0.278825 707.091 707.091 601.887 183.11
3 0.312504 -0.000454162 -0.0021604 0.139131 0.000407579 0.0022212 -0.139131 707.091 707.091 601.887 183.11
2 0.208254 -0.000228887 -0.00149541 0.0928685 0.000194544 0.00158002 -0.0928672 707.091 707.091 601.887 183.11
1 0.104128 -0.000131386 -0.000853436 0.0464246 0.00012513 0.000895339 -0.0464238 707.091 707.091 601.887 183.11
0 0 0 0 0 0 0 0 707.091 707.091 601.887 183.11
12 1.4584 -0.00298333 -0.0101163 0.65829 0.00289419 0.0114787 -0.658269 707.091 707.091 601.887 183.11
4 0.416625 -0.000670215 -0.00297609 0.185217 0.00061546 0.00307371 -0.185215 707.091 707.091 601.887 183.11
18 2.81276 -0.00506673 -0.0195399 1.29015 0.00688755 0.0181949 -1.29016 707.091 707.091 601.887 183.11
13 1.66675 -0.0033339 -0.0114324 0.75386 0.00315808 0.0113346 -0.753863 707.091 707.091 601.887 183.11
5 0.520755 -0.000648752 -0.00363859 0.232066 0.000571455 0.00385132 -0.232063 707.091 707.091 601.887 183.11
10 1.04163 -0.00241135 -0.00703097 0.467168 0.00223983 0.00669753 -0.467174 707.091 707.091 601.887 183.11
9 0.937506 -0.00201281 -0.00628872 0.420029 0.00184042 0.00618543 -0.420031 707.091 707.091 601.887 183.11
7 0.729128 -0.00137709 -0.00483641 0.325945 0.00130709 0.00537695 -0.325937 707.091 707.091 601.887 183.11
17 2.50026 -0.00482373 -0.0166237 1.14349 0.00630007 0.015607 -1.1435 707.091 707.091 601.887 183.11
11 1.25 -0.0030776 -0.00872851 0.562243 0.00292975 0.00861357 -0.562246 707.091 707.091 601.887 183.11
37 6.87364 -0.0170172 -0.0486818 3.22474 0.0083327 0.0577775 -3.22463 707.091 707.091 601.887 183.11
25 4.27063 -0.00854032 -0.0306655 1.99051 0.00333275 0.0333363 -1.99049 707.091 707.091 601.887 183.11
19 3.02101 -0.00573749 -0.0212598 1.389 0.00768146 0.0212438 -1.38899 707.091 707.091 601.887 183.11
16 2.29188 -0.00432322 -0.0150897 1.04576 0.00504411 0.0158668 -1.04574 707.091 707.091 601.887 183.11
15 2.0835 -0.00432266 -0.0143399 0.947732 0.00515024 0.017193 -0.947682 707.091 707.091 601.887 183.11
14 1.87513 -0.00424724 -0.012888 0.849987 0.00476246 0.012932 -0.849984 707.091 707.091 601.887 183.11
31 5.52024 -0.0144383 -0.0396341 2.59133 0.0143226 0.0460361 -2.59123 707.091 707.091 601.887 183.11
22 3.64588 -0.00629009 -0.026036 1.68837 0.00657385 0.0255949 -1.68838 707.091 707.091 601.887 183.11
29 5.10376 -0.0118252 -0.0363074 2.39182 0.00853722 0.038752 -2.39179 707.091 707.091 601.887 183.11
21 3.43763 -0.00648918 -0.0244061 1.58888 0.00827237 0.0243011 -1.58887 707.091 707.091 601.887 183.11
27 4.68726 -0.0102728 -0.0334129 2.19094 0.00512692 0.0374167 -2.19089 707.091 707.091 601.887 183.11
28 4.8955 -0.0111698 -0.0350552 2.29181 0.00667007 0.0383237 -2.29178 707.091 707.091 601.887 183.11
20 3.22938 -0.00613888 -0.0226908 1.48866 0.00827265 0.0225898 -1.48866 707.091 707.091 601.887 183.11
26 4.47888 -0.00974284 -0.03212 2.09081 0.00403066 0.0347594 -2.09079 707.091 707.091 601.887 183.11
24 4.06238 -0.00777886 -0.0291851 1.88934 0.0041688 0.0307009 -1.88933 707.091 707.091 601.887 183.11
23 3.85413 -0.00690723 -0.0276872 1.78935 0.0054146 0.0279842 -1.78935 707.091 707.091 601.887 183.11
33 5.93676 -0.0157839 -0.0425928 2.78858 0.0179841 0.0485454 -2.78848 707.091 707.091 601.887 183.11
35 6.45726 -0.0155246 -0.0458925 3.03299 0.0133534 0.0509081 -3.03292 707.091 707.091 601.887 183.11
36 6.66551 -0.0162629 -0.0474112 3.12931 0.0110168 0.0553834 -3.12921 707.091 707.091 601.887 183.11
32 5.72863 -0.0154089 -0.0407876 2.69037 0.0170052 0.0463476 -2.69027 707.091 707.091 601.887 183.11
30 5.312 -0.0129952 -0.0377988 2.49131 0.0111368 0.043739 -2.49123 707.091 707.091 601.887 183.11
34 6.24901 -0.0147107 -0.0445136 2.93524 0.014791 0.0495754 -2.93516 707.091 707.091 601.887 183.11
39 7.29001 -0.0189013 -0.0514882 3.41419 0.00828953 0.0576417 -3.41414 707.091 707.091 601.887 183.11
38 7.08188 -0.0180557 -0.0500654 3.32001 0.00817521 0.0576975 -3.31993 707.091 707.091 601.887 183.11
48 9.16401 -0.0257256 -0.0631784 4.24596 0.0350892 0.0693564 -4.2458 707.091 707.091 601.887 183.11
49 9.37226 -0.0258693 -0.0645795 4.3374 0.0407422 0.0694622 -4.33722 707.091 707.091 601.887 183.11
56 10.8299 -0.0226033 -0.0742742 4.98335 0.0372561 0.0816198 -4.98316 707.091 707.091 601.887 183.11
40 7.49826 -0.0201487 -0.052953 3.50697 0.0101661 0.0586368 -3.50693 707.091 707.091 601.887 183.11
43 8.12276 -0.0229512 -0.0571499 3.78496 0.0129156 0.061747 -3.78494 707.091 707.091 601.887 183.11
47 8.95576 -0.0257666 -0.0622878 4.15364 0.0312784 0.0695219 -4.15349 707.091 707.091 601.887 183.11
41 7.70638 -0.0213771 -0.0543985 3.60016 0.0122425 0.0655001 -3.60003 707.091 707.091 601.887 183.11
45 8.53928 -0.0244284 -0.059785 3.96941 0.0201132 0.0629113 -3.96939 707.091 707.091 601.887 183.11
42 7.91463 -0.0222961 -0.0557407 3.6926 0.0128864 0.0603429 -3.69258 707.091 707.091 601.887 183.11
55 10.6216 -0.0228041 -0.0731783 4.8914 0.0428744 0.0825888 -4.89113 707.091 707.091 601.887 183.11
44 8.33101 -0.0241067 -0.0584005 3.87716 0.0174536 0.067953 -3.87705 707.091 707.091 601.887 183.11
52 9.99701 -0.0247827 -0.0686535 4.61401 0.0526718 0.0739723 -4.61373 707.091 707.091 601.887 183.11
51 9.78878 -0.0257635 -0.067061 4.52172 0.0509505 0.0694725 -4.52149 707.091 707.091 601.887 183.11
59 11.5588 -0.0217062 -0.0793802 5.30596 0.0206347 0.0717986 -5.30607 707.091 707.091 601.887 183.11
57 11.0381 -0.0225104 -0.0758497 5.07603 0.031796 0.0774725 -5.07595 707.091 707.091 601.887 183.11
54 10.4134 -0.0236688 -0.0713574 4.79917 0.0487973 0.0771374 -4.79892 707.091 707.091 601.887 183.11
63 12.8086 -0.0219722 -0.0889464 5.8622 0.0408614 0.0905566 -5.86209 707.091 707.091 601.887 183.11
50 9.58051 -0.0262928 -0.0657791 4.42932 0.047077 0.0661503 -4.42916 707.091 707.091 601.887 183.11
46 8.74751 -0.0250833 -0.0610194 4.0614 0.025232 0.0595322 -4.06142 707.091 707.091 601.887 183.11
70 14.8914 -0.0247446 -0.106715 6.81535 0.027464 0.114406 -6.81522 707.091 707.091 601.887 183.11
68 14.3708 -0.0242153 -0.102824 6.57133 0.0228262 0.0989714 -6.57139 707.091 707.091 601.887 183.11
53 10.2053 -0.0240436 -0.0700867 4.70661 0.0521856 0.0771727 -4.7063 707.091 707.091 601.887 183.11
62 12.4963 -0.0217079 -0.086571 5.72322 0.0374086 0.0864506 -5.72315 707.091 707.091 601.887 183.11
73 15.6204 -0.0267265 -0.112712 7.15974 0.0421036 0.108781 -7.15973 707.091 707.091 601.887 183.11
58 11.3505 -0.0215876 -0.077805 5.21393 0.022313 0.0874363 -5.21378 707.091 707.091 601.887 183.11
65 13.4335 -0.0220141 -0.0940601 6.1427 0.0392243 0.0925292 -6.14265 707.091 707.091 601.887 183.11
64 13.1211 -0.0216649 -0.0915052 6.00207 0.036519 0.0734605 -6.00226 707.091 707.091 601.887 183.11
61 12.1838 -0.0211216 -0.084383 5.58418 0.0277566 0.0909209 -5.58405 707.091 707.091 601.887 183.11
78 16.7657 -0.028166 -0.122756 7.7099 0.0257105 0.108113 -7.71013 707.091 707.091 601.887 183.11
75 16.1409 -0.0271623 -0.116974 7.4085 0.0319324 0.111898 -7.40856 707.091 707.091 601.887 183.11
66 13.7459 -0.0220358 -0.0964885 6.28554 0.0252837 0.0840159 -6.28571 707.091 707.091 601.887 183.11
60 11.8713 -0.0221345 -0.0824667 5.44517 0.0274354 0.0788279 -5.4452 707.091 707.091 601.887 183.11
72 15.4121 -0.0263492 -0.111169 7.06091 0.0399771 0.0987172 -7.06104 707.091 707.091 601.887 183.11
83 17.8066 -0.0313941 -0.133197 8.22171 0.025738 0.115297 -8.222 707.091 707.091 601.887 183.11
84 18.0148 -0.0322969 -0.135028 8.32527 0.0321047 0.127687 -8.32539 707.091 707.091 601.887 183.11
80 17.182 -0.0295539 -0.126526 7.91404 0.0221787 0.108273 -7.91434 707.091 707.091 601.887 183.11
74 15.9327 -0.026646 -0.115375 7.30845 0.0323677 0.106995 -7.30855 707.091 707.091 601.887 183.11
82 17.5984 -0.030847 -0.130869 8.11966 0.0240608 0.115896 -8.11991 707.091 707.091 601.887 183.11
69 14.579 -0.0246713 -0.104513 6.66913 0.0236292 0.103932 -6.66915 707.091 707.091 601.887 183.11
79 16.9738 -0.0284505 -0.124862 7.81203 0.0213221 0.108488 -7.8123 707.091 707.091 601.887 183.11
71 15.0996 -0.0245519 -0.108258 6.91315 0.028349 0.100809 -6.91325 707.091 707.091 601.887 183.11
67 14.0584 -0.0228011 -0.100403 6.42912 0.0179109 0.0763153 -6.42948 707.091 707.091 601.887 183.11
76 16.3491 -0.0276164 -0.118973 7.50867 0.0306547 0.108208 -7.50882 707.091 707.091 601.887 183.11
85 18.223 -0.0330761 -0.136985 8.42821 0.0389519 0.124576 -8.42838 707.091 707.091 601.887 183.11
77 16.5574 -0.027969 -0.120969 7.60862 0.0286558 0.108584 -7.6088 707.091 707.091 601.887 183.11
81 17.3903 -0.0302313 -0.128759 8.01692 0.0236675 0.110533 -8.01722 707.091 707.091 601.887 183.11
90 19.2638 -0.0353131 -0.147072 8.94909 0.0421799 0.143297 -8.94913 707.091 707.091 601.887 183.11
87 18.6394 -0.0335028 -0.141388 8.63609 0.0390751 0.132431 -8.63621 707.091 707.091 601.887 183.11
92 19.6799 -0.0358182 -0.150562 9.15896 0.0428208 0.150261 -9.15893 707.091 707.091 601.887 183.11
91 19.4718 -0.0355593 -0.148776 9.05395 0.0415413 0.144566 -9.054 707.091 707.091 601.887 183.11
86 18.4311 -0.033248 -0.139185 8.53176 0.0414041 0.123836 -8.53197 707.091 707.091 601.887 183.11
88 18.8475 -0.0338738 -0.143332 8.74002 0.0385876 0.135282 -8.74013 707.091 707.091 601.887 183.11
89 19.0556 -0.0345817 -0.144979 8.84377 0.0401999 0.136616 -8.84388 707.091 707.091 601.887 183.11
94 20.0962 -0.0360877 -0.153775 9.36777 0.0502769 0.151142 -9.36775 707.091 707.091 601.887 183.11
93 19.8881 -0.0358504 -0.151883 9.26396 0.0446201 0.153621 -9.26389 707.091 707.091 601.887 183.11
102 21.761 -0.0326887 -0.170354 10.2053 0.0643663 0.138404 -10.2057 707.091 707.091 601.887 183.11
107 22.8014 -0.0321954 -0.181527 10.7334 0.057126 0.135085 -10.734 707.091 707.091 601.887 183.11
97 20.7204 -0.0364343 -0.159405 9.68218 0.0798445 0.144518 -9.68219 707.091 707.091 601.887 183.11
96 20.5123 -0.0366276 -0.157595 9.57711 0.0707856 0.150344 -9.57706 707.091 707.091 601.887 183.11
95 20.3043 -0.0364519 -0.155697 9.47264 0.0600447 0.151588 -9.4726 707.091 707.091 601.887 183.11
98 20.9287 -0.0358502 -0.161667 9.78635 0.0875005 0.154485 -9.78619 707.091 707.091 601.887 183.11
100 21.3449 -0.0336812 -0.166201 9.99504 0.0799269 0.138787 -9.99524 707.091 707.091 601.887 183.11
101 21.5529 -0.0331196 -0.168265 10.0996 0.0714492 0.135375 -10.1 707.091 707.091 601.887 183.11
106 22.5933 -0.0322798 -0.179167 10.6266 0.0684013 0.143685 -10.6271 707.091 707.091 601.887 183.11
99 21.1368 -0.0344177 -0.163939 9.89019 0.085991 0.146969 -9.89019 707.091 707.091 601.887 183.11
124 26.3392 -0.037148 -0.219135 12.5542 0.0119787 0.19737 -12.5546 707.091 707.091 601.887 183.11
123 26.1309 -0.0366039 -0.216742 12.448 0.0119776 0.17716 -12.4487 707.091 707.091 601.887 183.11
110 23.4254 -0.0327324 -0.187731 11.0568 0.053146 0.174376 -11.057 707.091 707.091 601.887 183.11
105 22.3853 -0.0327458 -0.176909 10.5209 0.0651764 0.15763 -10.5211 707.091 707.091 601.887 183.11
104 22.1772 -0.0330189 -0.175011 10.4161 0.058447 0.158212 -10.4163 707.091 707.091 601.887 183.11
111 23.6335 -0.0327838 -0.190164 11.1645 0.0582289 0.177538 -11.1646 707.091 707.091 601.887 183.11
109 23.2174 -0.0325015 -0.185603 10.9491 0.0483125 0.178575 -10.9492 707.091 707.091 601.887 183.11
108 23.0094 -0.0323001 -0.183707 10.8409 0.0437601 0.157335 -10.8413 707.091 707.091 601.887 183.11
119 25.2983 -0.0334468 -0.207924 12.021 0.0120742 0.197798 -12.0212 707.091 707.091 601.887 183.11
120 25.5065 -0.0342768 -0.20976 12.1285 0.00914668 0.191734 -12.1289 707.091 707.091 601.887 183.11
114 24.2578 -0.0325151 -0.196797 11.4875 0.0720428 0.184258 -11.4876 707.091 707.091 601.887 183.11
103 21.9691 -0.0324553 -0.172737 10.3116 0.054862 0.147909 -10.3119 707.091 707.091 601.887 183.11
116 24.6739 -0.0318666 -0.201584 11.7019 0.0536302 0.183857 -11.7021 707.091 707.091 601.887 183.11
112 23.8417 -0.0330698 -0.192447 11.2724 0.0661973 0.172688 -11.2725 707.091 707.091 601.887 183.11
135 28.1089 -0.0438535 -0.238234 13.4706 0.0496521 0.20628 -13.4711 707.091 707.091 601.887 183.11
130 27.5884 -0.0425158 -0.232682 13.2003 0.036859 0.197566 -13.2009 707.091 707.091 601.887 183.11
117 24.882 -0.0321165 -0.20365 11.8094 0.0392656 0.195085 -11.8095 707.091 707.091 601.887 183.11
118 25.0902 -0.032604 -0.205889 11.915 0.0186537 0.196703 -11.9151 707.091 707.091 601.887 183.11
115 24.4658 -0.0321489 -0.199166 11.5947 0.0647493 0.159267 -11.5953 707.091 707.091 601.887 183.11
113 24.0496 -0.0327613 -0.194697 11.3802 0.0719845 0.190984 -11.3801 707.091 707.091 601.887 183.11
132 27.7965 -0.0426816 -0.234823 13.3088 0.0373732 0.204312 -13.3093 707.091 707.091 601.887 183.11
121 25.7146 -0.0350297 -0.211808 12.2354 0.00977204 0.188482 -12.2358 707.091 707.091 601.887 183.11
134 28.0052 -0.043669 -0.237289 13.4164 0.0480015 0.206861 -13.4169 707.091 707.091 601.887 183.11
125 26.5478 -0.038099 -0.221374 12.6602 0.0156825 0.189647 -12.6608 707.091 707.091 601.887 183.11
122 25.9228 -0.0362903 -0.214202 12.3418 0.0141479 0.186852 -12.3423 707.091 707.091 601.887 183.11
128 27.1719 -0.0408534 -0.228338 12.9824 0.0263923 0.2024 -12.9828 707.091 707.091 601.887 183.11
127 26.9637 -0.0401508 -0.225893 12.8741 0.0248322 0.20008 -12.8745 707.091 707.091 601.887 183.11
133 27.9007 -0.0432406 -0.23591 13.3627 0.0416792 0.206404 -13.3632 707.091 707.091 601.887 183.11
131 27.6925 -0.0427135 -0.233509 13.2546 0.0387433 0.195217 -13.2552 707.091 707.091 601.887 183.11
129 27.3801 -0.0415087 -0.230336 13.0914 0.0289283 0.206128 -13.0919 707.091 707.091 601.887 183.11
126 26.7579 -0.0391927 -0.223583 12.7665 0.0194478 0.203407 -12.7669 707.091 707.091 601.887 183.11